/*--------------------------------*- C++ -*----------------------------------*\
| =========                 |                                                 |
| \\      /  F ield         | OpenFOAM: The Open Source CFD Toolbox           |
|  \\    /   O peration     | Version:  2606                                  |
|   \\  /    A nd           | Website:  www.openfoam.com                      |
|    \\/     M anipulation  |                                                 |
\*---------------------------------------------------------------------------*/
FoamFile
{
    version     2.0;
    format      ascii;
    arch        "LSB;label=32;scalar=64";
    note        "nPoints:2931  nCells:1350  nFaces:5410  nInternalFaces:2480";
    class       labelList;
    location    "constant/polyMesh";
    object      neighbour;
}
// * * * * * * * * * * * * * * * * * * * * * * * * * * * * * * * * * * * * * //


2480
(
1
75
2
76
3
77
4
78
5
79
6
80
7
81
8
82
9
83
10
84
11
85
12
86
13
87
14
88
15
89
16
90
17
91
18
92
19
93
20
94
21
95
22
96
23
97
24
98
25
99
26
100
27
101
28
102
29
103
30
104
31
105
32
106
33
107
34
108
35
109
36
110
37
111
38
112
39
113
40
114
41
115
42
116
43
117
44
118
45
119
46
120
47
121
48
122
49
123
50
124
51
125
52
126
53
127
54
128
55
129
56
130
57
131
58
132
59
133
60
134
61
135
62
136
63
137
64
138
65
139
66
140
67
141
68
142
69
143
70
144
71
145
72
146
73
147
74
148
149
375
76
150
77
151
78
152
79
153
80
154
81
155
82
156
83
157
84
158
85
159
86
160
87
161
88
162
89
163
90
164
91
165
92
166
93
167
94
168
95
169
96
170
97
171
98
172
99
173
100
174
101
175
102
176
103
177
104
178
105
179
106
180
107
181
108
182
109
183
110
184
111
185
112
186
113
187
114
188
115
189
116
190
117
191
118
192
119
193
120
194
121
195
122
196
123
197
124
198
125
199
126
200
127
201
128
202
129
203
130
204
131
205
132
206
133
207
134
208
135
209
136
210
137
211
138
212
139
213
140
214
141
215
142
216
143
217
144
218
145
219
146
220
147
221
148
222
149
223
224
435
151
225
152
226
153
227
154
228
155
229
156
230
157
231
158
232
159
233
160
234
161
235
162
236
163
237
164
238
165
239
166
240
167
241
168
242
169
243
170
244
171
245
172
246
173
247
174
248
175
249
176
250
177
251
178
252
179
253
180
254
181
255
182
256
183
257
184
258
185
259
186
260
187
261
188
262
189
263
190
264
191
265
192
266
193
267
194
268
195
269
196
270
197
271
198
272
199
273
200
274
201
275
202
276
203
277
204
278
205
279
206
280
207
281
208
282
209
283
210
284
211
285
212
286
213
287
214
288
215
289
216
290
217
291
218
292
219
293
220
294
221
295
222
296
223
297
224
298
299
495
226
300
227
301
228
302
229
303
230
304
231
305
232
306
233
307
234
308
235
309
236
310
237
311
238
312
239
313
240
314
241
315
242
316
243
317
244
318
245
319
246
320
247
321
248
322
249
323
250
324
251
325
252
326
253
327
254
328
255
329
256
330
257
331
258
332
259
333
260
334
261
335
262
336
263
337
264
338
265
339
266
340
267
341
268
342
269
343
270
344
271
345
272
346
273
347
274
348
275
349
276
350
277
351
278
352
279
353
280
354
281
355
282
356
283
357
284
358
285
359
286
360
287
361
288
362
289
363
290
364
291
365
292
366
293
367
294
368
295
369
296
370
297
371
298
372
299
373
374
555
301
302
303
304
305
306
307
308
309
310
311
312
313
314
315
316
317
318
319
320
321
322
323
324
325
326
327
328
329
330
331
332
333
334
335
336
337
338
339
340
341
342
343
344
345
346
347
348
349
350
351
352
353
354
355
356
357
358
359
360
361
362
363
364
365
366
367
368
369
370
371
372
373
374
615
376
435
377
436
378
437
379
438
380
439
381
440
382
441
383
442
384
443
385
444
386
445
387
446
388
447
389
448
390
449
391
450
392
451
393
452
394
453
395
454
396
455
397
456
398
457
399
458
400
459
401
460
402
461
403
462
404
463
405
464
406
465
407
466
408
467
409
468
410
469
411
470
412
471
413
472
414
473
415
474
416
475
417
476
418
477
419
478
420
479
421
480
422
481
423
482
424
483
425
484
426
485
427
486
428
487
429
488
430
489
431
490
432
491
433
492
434
493
494
675
436
495
437
496
438
497
439
498
440
499
441
500
442
501
443
502
444
503
445
504
446
505
447
506
448
507
449
508
450
509
451
510
452
511
453
512
454
513
455
514
456
515
457
516
458
517
459
518
460
519
461
520
462
521
463
522
464
523
465
524
466
525
467
526
468
527
469
528
470
529
471
530
472
531
473
532
474
533
475
534
476
535
477
536
478
537
479
538
480
539
481
540
482
541
483
542
484
543
485
544
486
545
487
546
488
547
489
548
490
549
491
550
492
551
493
552
494
553
554
750
496
555
497
556
498
557
499
558
500
559
501
560
502
561
503
562
504
563
505
564
506
565
507
566
508
567
509
568
510
569
511
570
512
571
513
572
514
573
515
574
516
575
517
576
518
577
519
578
520
579
521
580
522
581
523
582
524
583
525
584
526
585
527
586
528
587
529
588
530
589
531
590
532
591
533
592
534
593
535
594
536
595
537
596
538
597
539
598
540
599
541
600
542
601
543
602
544
603
545
604
546
605
547
606
548
607
549
608
550
609
551
610
552
611
553
612
554
613
614
825
556
615
557
616
558
617
559
618
560
619
561
620
562
621
563
622
564
623
565
624
566
625
567
626
568
627
569
628
570
629
571
630
572
631
573
632
574
633
575
634
576
635
577
636
578
637
579
638
580
639
581
640
582
641
583
642
584
643
585
644
586
645
587
646
588
647
589
648
590
649
591
650
592
651
593
652
594
653
595
654
596
655
597
656
598
657
599
658
600
659
601
660
602
661
603
662
604
663
605
664
606
665
607
666
608
667
609
668
610
669
611
670
612
671
613
672
614
673
674
900
616
1050
617
1051
618
1052
619
1053
620
1054
621
1055
622
1056
623
1057
624
1058
625
1059
626
1060
627
1061
628
1062
629
1063
630
1064
631
1065
632
1066
633
1067
634
1068
635
1069
636
1070
637
1071
638
1072
639
1073
640
1074
641
1075
642
1076
643
1077
644
1078
645
1079
646
1080
647
1081
648
1082
649
1083
650
1084
651
1085
652
1086
653
1087
654
1088
655
1089
656
1090
657
1091
658
1092
659
1093
660
1094
661
1095
662
1096
663
1097
664
1098
665
1099
666
1100
667
1101
668
1102
669
1103
670
1104
671
1105
672
1106
673
1107
674
1108
975
1109
676
750
677
751
678
752
679
753
680
754
681
755
682
756
683
757
684
758
685
759
686
760
687
761
688
762
689
763
690
764
691
765
692
766
693
767
694
768
695
769
696
770
697
771
698
772
699
773
700
774
701
775
702
776
703
777
704
778
705
779
706
780
707
781
708
782
709
783
710
784
711
785
712
786
713
787
714
788
715
789
716
790
717
791
718
792
719
793
720
794
721
795
722
796
723
797
724
798
725
799
726
800
727
801
728
802
729
803
730
804
731
805
732
806
733
807
734
808
735
809
736
810
737
811
738
812
739
813
740
814
741
815
742
816
743
817
744
818
745
819
746
820
747
821
748
822
749
823
824
751
825
752
826
753
827
754
828
755
829
756
830
757
831
758
832
759
833
760
834
761
835
762
836
763
837
764
838
765
839
766
840
767
841
768
842
769
843
770
844
771
845
772
846
773
847
774
848
775
849
776
850
777
851
778
852
779
853
780
854
781
855
782
856
783
857
784
858
785
859
786
860
787
861
788
862
789
863
790
864
791
865
792
866
793
867
794
868
795
869
796
870
797
871
798
872
799
873
800
874
801
875
802
876
803
877
804
878
805
879
806
880
807
881
808
882
809
883
810
884
811
885
812
886
813
887
814
888
815
889
816
890
817
891
818
892
819
893
820
894
821
895
822
896
823
897
824
898
899
826
900
827
901
828
902
829
903
830
904
831
905
832
906
833
907
834
908
835
909
836
910
837
911
838
912
839
913
840
914
841
915
842
916
843
917
844
918
845
919
846
920
847
921
848
922
849
923
850
924
851
925
852
926
853
927
854
928
855
929
856
930
857
931
858
932
859
933
860
934
861
935
862
936
863
937
864
938
865
939
866
940
867
941
868
942
869
943
870
944
871
945
872
946
873
947
874
948
875
949
876
950
877
951
878
952
879
953
880
954
881
955
882
956
883
957
884
958
885
959
886
960
887
961
888
962
889
963
890
964
891
965
892
966
893
967
894
968
895
969
896
970
897
971
898
972
899
973
974
901
975
902
976
903
977
904
978
905
979
906
980
907
981
908
982
909
983
910
984
911
985
912
986
913
987
914
988
915
989
916
990
917
991
918
992
919
993
920
994
921
995
922
996
923
997
924
998
925
999
926
1000
927
1001
928
1002
929
1003
930
1004
931
1005
932
1006
933
1007
934
1008
935
1009
936
1010
937
1011
938
1012
939
1013
940
1014
941
1015
942
1016
943
1017
944
1018
945
1019
946
1020
947
1021
948
1022
949
1023
950
1024
951
1025
952
1026
953
1027
954
1028
955
1029
956
1030
957
1031
958
1032
959
1033
960
1034
961
1035
962
1036
963
1037
964
1038
965
1039
966
1040
967
1041
968
1042
969
1043
970
1044
971
1045
972
1046
973
1047
974
1048
1049
976
977
978
979
980
981
982
983
984
985
986
987
988
989
990
991
992
993
994
995
996
997
998
999
1000
1001
1002
1003
1004
1005
1006
1007
1008
1009
1010
1011
1012
1013
1014
1015
1016
1017
1018
1019
1020
1021
1022
1023
1024
1025
1026
1027
1028
1029
1030
1031
1032
1033
1034
1035
1036
1037
1038
1039
1040
1041
1042
1043
1044
1045
1046
1047
1048
1049
1051
1110
1052
1111
1053
1112
1054
1113
1055
1114
1056
1115
1057
1116
1058
1117
1059
1118
1060
1119
1061
1120
1062
1121
1063
1122
1064
1123
1065
1124
1066
1125
1067
1126
1068
1127
1069
1128
1070
1129
1071
1130
1072
1131
1073
1132
1074
1133
1075
1134
1076
1135
1077
1136
1078
1137
1079
1138
1080
1139
1081
1140
1082
1141
1083
1142
1084
1143
1085
1144
1086
1145
1087
1146
1088
1147
1089
1148
1090
1149
1091
1150
1092
1151
1093
1152
1094
1153
1095
1154
1096
1155
1097
1156
1098
1157
1099
1158
1100
1159
1101
1160
1102
1161
1103
1162
1104
1163
1105
1164
1106
1165
1107
1166
1108
1167
1109
1168
1169
1111
1170
1112
1171
1113
1172
1114
1173
1115
1174
1116
1175
1117
1176
1118
1177
1119
1178
1120
1179
1121
1180
1122
1181
1123
1182
1124
1183
1125
1184
1126
1185
1127
1186
1128
1187
1129
1188
1130
1189
1131
1190
1132
1191
1133
1192
1134
1193
1135
1194
1136
1195
1137
1196
1138
1197
1139
1198
1140
1199
1141
1200
1142
1201
1143
1202
1144
1203
1145
1204
1146
1205
1147
1206
1148
1207
1149
1208
1150
1209
1151
1210
1152
1211
1153
1212
1154
1213
1155
1214
1156
1215
1157
1216
1158
1217
1159
1218
1160
1219
1161
1220
1162
1221
1163
1222
1164
1223
1165
1224
1166
1225
1167
1226
1168
1227
1169
1228
1229
1171
1230
1172
1231
1173
1232
1174
1233
1175
1234
1176
1235
1177
1236
1178
1237
1179
1238
1180
1239
1181
1240
1182
1241
1183
1242
1184
1243
1185
1244
1186
1245
1187
1246
1188
1247
1189
1248
1190
1249
1191
1250
1192
1251
1193
1252
1194
1253
1195
1254
1196
1255
1197
1256
1198
1257
1199
1258
1200
1259
1201
1260
1202
1261
1203
1262
1204
1263
1205
1264
1206
1265
1207
1266
1208
1267
1209
1268
1210
1269
1211
1270
1212
1271
1213
1272
1214
1273
1215
1274
1216
1275
1217
1276
1218
1277
1219
1278
1220
1279
1221
1280
1222
1281
1223
1282
1224
1283
1225
1284
1226
1285
1227
1286
1228
1287
1229
1288
1289
1231
1290
1232
1291
1233
1292
1234
1293
1235
1294
1236
1295
1237
1296
1238
1297
1239
1298
1240
1299
1241
1300
1242
1301
1243
1302
1244
1303
1245
1304
1246
1305
1247
1306
1248
1307
1249
1308
1250
1309
1251
1310
1252
1311
1253
1312
1254
1313
1255
1314
1256
1315
1257
1316
1258
1317
1259
1318
1260
1319
1261
1320
1262
1321
1263
1322
1264
1323
1265
1324
1266
1325
1267
1326
1268
1327
1269
1328
1270
1329
1271
1330
1272
1331
1273
1332
1274
1333
1275
1334
1276
1335
1277
1336
1278
1337
1279
1338
1280
1339
1281
1340
1282
1341
1283
1342
1284
1343
1285
1344
1286
1345
1287
1346
1288
1347
1289
1348
1349
1291
1292
1293
1294
1295
1296
1297
1298
1299
1300
1301
1302
1303
1304
1305
1306
1307
1308
1309
1310
1311
1312
1313
1314
1315
1316
1317
1318
1319
1320
1321
1322
1323
1324
1325
1326
1327
1328
1329
1330
1331
1332
1333
1334
1335
1336
1337
1338
1339
1340
1341
1342
1343
1344
1345
1346
1347
1348
1349
)


// ************************************************************************* //
