/*--------------------------------*- C++ -*----------------------------------*\
| =========                 |                                                 |
| \\      /  F ield         | OpenFOAM: The Open Source CFD Toolbox           |
|  \\    /   O peration     | Version:  2606                                  |
|   \\  /    A nd           | Website:  www.openfoam.com                      |
|    \\/     M anipulation  |                                                 |
\*---------------------------------------------------------------------------*/
FoamFile
{
    version     2.0;
    format      ascii;
    arch        "LSB;label=32;scalar=64";
    class       vectorField;
    location    "constant/polyMesh";
    object      points;
}
// * * * * * * * * * * * * * * * * * * * * * * * * * * * * * * * * * * * * * //


2931
(
(0 0 0)
(0.2 0 0)
(0.4 0 0)
(0.6 0 0)
(0.8 0 0)
(1 0 0)
(1.2 0 0)
(1.4 0 0)
(1.6 0 0)
(1.8 0 0)
(2 0 0)
(2.2 0 0)
(2.4 0 0)
(2.6 0 0)
(2.8 0 0)
(3 0 0)
(3.2 0 0)
(3.4 0 0)
(3.6 0 0)
(3.8 0 0)
(4 0 0)
(4.2 0 0)
(4.4 0 0)
(4.6 0 0)
(4.8 0 0)
(5 0 0)
(5.2 0 0)
(5.4 0 0)
(5.6 0 0)
(5.8 0 0)
(6 0 0)
(6.2 0 0)
(6.4 0 0)
(6.6 0 0)
(6.8 0 0)
(7 0 0)
(7.2 0 0)
(7.4 0 0)
(7.6 0 0)
(7.8 0 0)
(8 0 0)
(8.2 0 0)
(8.4 0 0)
(8.6 0 0)
(8.8 0 0)
(9 0 0)
(9.2 0 0)
(9.4 0 0)
(9.6 0 0)
(9.8 0 0)
(10 0 0)
(10.2 0 0)
(10.4 0 0)
(10.6 0 0)
(10.8 0 0)
(11 0 0)
(11.2 0 0)
(11.4 0 0)
(11.6 0 0)
(11.8 0 0)
(12 0 0)
(12.2 0 0)
(12.4 0 0)
(12.6 0 0)
(12.8 0 0)
(13 0 0)
(13.2 0 0)
(13.4 0 0)
(13.6 0 0)
(13.8 0 0)
(14 0 0)
(14.2 0 0)
(14.4 0 0)
(14.6 0 0)
(14.8 0 0)
(15 0 0)
(0 0.1998781654 -0.006979899341)
(0.2 0.1998781654 -0.006979899341)
(0.4 0.1998781654 -0.006979899341)
(0.6 0.1998781654 -0.006979899341)
(0.8 0.1998781654 -0.006979899341)
(1 0.1998781654 -0.006979899341)
(1.2 0.1998781654 -0.006979899341)
(1.4 0.1998781654 -0.006979899341)
(1.6 0.1998781654 -0.006979899341)
(1.8 0.1998781654 -0.006979899341)
(2 0.1998781654 -0.006979899341)
(2.2 0.1998781654 -0.006979899341)
(2.4 0.1998781654 -0.006979899341)
(2.6 0.1998781654 -0.006979899341)
(2.8 0.1998781654 -0.006979899341)
(3 0.1998781654 -0.006979899341)
(3.2 0.1998781654 -0.006979899341)
(3.4 0.1998781654 -0.006979899341)
(3.6 0.1998781654 -0.006979899341)
(3.8 0.1998781654 -0.006979899341)
(4 0.1998781654 -0.006979899341)
(4.2 0.1998781654 -0.006979899341)
(4.4 0.1998781654 -0.00697989934)
(4.6 0.1998781654 -0.006979899341)
(4.8 0.1998781654 -0.006979899341)
(5 0.1998781654 -0.006979899341)
(5.2 0.1998781654 -0.006979899341)
(5.4 0.1998781654 -0.006979899341)
(5.6 0.1998781654 -0.00697989934)
(5.8 0.1998781654 -0.006979899341)
(6 0.1998781654 -0.006979899341)
(6.2 0.1998781654 -0.00697989934)
(6.4 0.1998781654 -0.006979899341)
(6.6 0.1998781654 -0.006979899341)
(6.8 0.1998781654 -0.00697989934)
(7 0.1998781654 -0.006979899341)
(7.2 0.1998781654 -0.006979899341)
(7.4 0.1998781654 -0.006979899341)
(7.6 0.1998781654 -0.006979899341)
(7.8 0.1998781654 -0.006979899341)
(8 0.1998781654 -0.006979899341)
(8.2 0.1998781654 -0.006979899341)
(8.4 0.1998781654 -0.006979899341)
(8.6 0.1998781654 -0.00697989934)
(8.8 0.1998781654 -0.006979899341)
(9 0.1998781654 -0.006979899341)
(9.2 0.1998781654 -0.006979899341)
(9.4 0.1998781654 -0.006979899341)
(9.6 0.1998781654 -0.006979899341)
(9.8 0.1998781654 -0.006979899341)
(10 0.1998781654 -0.006979899341)
(10.2 0.1998781654 -0.006979899341)
(10.4 0.1998781654 -0.006979899341)
(10.6 0.1998781654 -0.006979899341)
(10.8 0.1998781654 -0.006979899341)
(11 0.1998781654 -0.006979899341)
(11.2 0.1998781654 -0.006979899341)
(11.4 0.1998781654 -0.006979899341)
(11.6 0.1998781654 -0.006979899341)
(11.8 0.1998781654 -0.006979899341)
(12 0.1998781654 -0.006979899341)
(12.2 0.1998781654 -0.006979899341)
(12.4 0.1998781654 -0.006979899341)
(12.6 0.1998781654 -0.006979899341)
(12.8 0.1998781654 -0.006979899341)
(13 0.1998781654 -0.006979899341)
(13.2 0.1998781654 -0.006979899341)
(13.4 0.1998781654 -0.006979899341)
(13.6 0.1998781654 -0.006979899341)
(13.8 0.1998781654 -0.006979899341)
(14 0.1998781654 -0.006979899341)
(14.2 0.1998781654 -0.006979899341)
(14.4 0.1998781654 -0.006979899341)
(14.6 0.1998781654 -0.006979899341)
(14.8 0.1998781654 -0.006979899341)
(15 0.1998781654 -0.006979899341)
(0 0.3997563308 -0.01395979868)
(0.2 0.3997563308 -0.01395979868)
(0.4 0.3997563308 -0.01395979868)
(0.6 0.3997563308 -0.01395979868)
(0.8 0.3997563308 -0.01395979868)
(1 0.3997563308 -0.01395979868)
(1.2 0.3997563308 -0.01395979868)
(1.4 0.3997563308 -0.01395979868)
(1.6 0.3997563308 -0.01395979868)
(1.8 0.3997563308 -0.01395979868)
(2 0.3997563308 -0.01395979868)
(2.2 0.3997563308 -0.01395979868)
(2.4 0.3997563308 -0.01395979868)
(2.6 0.3997563308 -0.01395979868)
(2.8 0.3997563308 -0.01395979868)
(3 0.3997563308 -0.01395979868)
(3.2 0.3997563308 -0.01395979868)
(3.4 0.3997563308 -0.01395979868)
(3.6 0.3997563308 -0.01395979868)
(3.8 0.3997563308 -0.01395979868)
(4 0.3997563308 -0.01395979868)
(4.2 0.3997563308 -0.01395979868)
(4.4 0.3997563308 -0.01395979868)
(4.6 0.3997563308 -0.01395979868)
(4.8 0.3997563308 -0.01395979868)
(5 0.3997563308 -0.01395979868)
(5.2 0.3997563308 -0.01395979868)
(5.4 0.3997563308 -0.01395979868)
(5.6 0.3997563308 -0.01395979868)
(5.8 0.3997563308 -0.01395979868)
(6 0.3997563308 -0.01395979868)
(6.2 0.3997563308 -0.01395979868)
(6.4 0.3997563308 -0.01395979868)
(6.6 0.3997563308 -0.01395979868)
(6.8 0.3997563308 -0.01395979868)
(7 0.3997563308 -0.01395979868)
(7.2 0.3997563308 -0.01395979868)
(7.4 0.3997563308 -0.01395979868)
(7.6 0.3997563308 -0.01395979868)
(7.8 0.3997563308 -0.01395979868)
(8 0.3997563308 -0.01395979868)
(8.2 0.3997563308 -0.01395979868)
(8.4 0.3997563308 -0.01395979868)
(8.6 0.3997563308 -0.01395979868)
(8.8 0.3997563308 -0.01395979868)
(9 0.3997563308 -0.01395979868)
(9.2 0.3997563308 -0.01395979868)
(9.4 0.3997563308 -0.01395979868)
(9.6 0.3997563308 -0.01395979868)
(9.8 0.3997563308 -0.01395979868)
(10 0.3997563308 -0.01395979868)
(10.2 0.3997563308 -0.01395979868)
(10.4 0.3997563308 -0.01395979868)
(10.6 0.3997563308 -0.01395979868)
(10.8 0.3997563308 -0.01395979868)
(11 0.3997563308 -0.01395979868)
(11.2 0.3997563308 -0.01395979868)
(11.4 0.3997563308 -0.01395979868)
(11.6 0.3997563308 -0.01395979868)
(11.8 0.3997563308 -0.01395979868)
(12 0.3997563308 -0.01395979868)
(12.2 0.3997563308 -0.01395979868)
(12.4 0.3997563308 -0.01395979868)
(12.6 0.3997563308 -0.01395979868)
(12.8 0.3997563308 -0.01395979868)
(13 0.3997563308 -0.01395979868)
(13.2 0.3997563308 -0.01395979868)
(13.4 0.3997563308 -0.01395979868)
(13.6 0.3997563308 -0.01395979868)
(13.8 0.3997563308 -0.01395979868)
(14 0.3997563308 -0.01395979868)
(14.2 0.3997563308 -0.01395979868)
(14.4 0.3997563308 -0.01395979868)
(14.6 0.3997563308 -0.01395979868)
(14.8 0.3997563308 -0.01395979868)
(15 0.3997563308 -0.01395979868)
(0 0.5996344962 -0.02093969802)
(0.2 0.5996344962 -0.02093969802)
(0.4 0.5996344962 -0.02093969802)
(0.6 0.5996344962 -0.02093969802)
(0.8 0.5996344962 -0.02093969802)
(1 0.5996344962 -0.02093969802)
(1.2 0.5996344962 -0.02093969802)
(1.4 0.5996344962 -0.02093969802)
(1.6 0.5996344962 -0.02093969802)
(1.8 0.5996344962 -0.02093969802)
(2 0.5996344962 -0.02093969802)
(2.2 0.5996344962 -0.02093969802)
(2.4 0.5996344962 -0.02093969802)
(2.6 0.5996344962 -0.02093969802)
(2.8 0.5996344962 -0.02093969802)
(3 0.5996344962 -0.02093969802)
(3.2 0.5996344962 -0.02093969802)
(3.4 0.5996344962 -0.02093969802)
(3.6 0.5996344962 -0.02093969802)
(3.8 0.5996344962 -0.02093969802)
(4 0.5996344962 -0.02093969802)
(4.2 0.5996344962 -0.02093969802)
(4.4 0.5996344962 -0.02093969802)
(4.6 0.5996344962 -0.02093969802)
(4.8 0.5996344962 -0.02093969802)
(5 0.5996344962 -0.02093969802)
(5.2 0.5996344962 -0.02093969802)
(5.4 0.5996344962 -0.02093969802)
(5.6 0.5996344962 -0.02093969802)
(5.8 0.5996344962 -0.02093969802)
(6 0.5996344962 -0.02093969802)
(6.2 0.5996344962 -0.02093969802)
(6.4 0.5996344962 -0.02093969802)
(6.6 0.5996344962 -0.02093969802)
(6.8 0.5996344962 -0.02093969802)
(7 0.5996344962 -0.02093969802)
(7.2 0.5996344962 -0.02093969802)
(7.4 0.5996344962 -0.02093969802)
(7.6 0.5996344962 -0.02093969802)
(7.8 0.5996344962 -0.02093969802)
(8 0.5996344962 -0.02093969802)
(8.2 0.5996344962 -0.02093969802)
(8.4 0.5996344962 -0.02093969802)
(8.6 0.5996344962 -0.02093969802)
(8.8 0.5996344962 -0.02093969802)
(9 0.5996344962 -0.02093969802)
(9.2 0.5996344962 -0.02093969802)
(9.4 0.5996344962 -0.02093969802)
(9.6 0.5996344962 -0.02093969802)
(9.8 0.5996344962 -0.02093969802)
(10 0.5996344962 -0.02093969802)
(10.2 0.5996344962 -0.02093969802)
(10.4 0.5996344962 -0.02093969802)
(10.6 0.5996344962 -0.02093969802)
(10.8 0.5996344962 -0.02093969802)
(11 0.5996344962 -0.02093969802)
(11.2 0.5996344962 -0.02093969802)
(11.4 0.5996344962 -0.02093969802)
(11.6 0.5996344962 -0.02093969802)
(11.8 0.5996344962 -0.02093969802)
(12 0.5996344962 -0.02093969802)
(12.2 0.5996344962 -0.02093969802)
(12.4 0.5996344962 -0.02093969802)
(12.6 0.5996344962 -0.02093969802)
(12.8 0.5996344962 -0.02093969802)
(13 0.5996344962 -0.02093969802)
(13.2 0.5996344962 -0.02093969802)
(13.4 0.5996344962 -0.02093969802)
(13.6 0.5996344962 -0.02093969802)
(13.8 0.5996344962 -0.02093969802)
(14 0.5996344962 -0.02093969802)
(14.2 0.5996344962 -0.02093969802)
(14.4 0.5996344962 -0.02093969802)
(14.6 0.5996344962 -0.02093969802)
(14.8 0.5996344962 -0.02093969802)
(15 0.5996344962 -0.02093969802)
(0 0.7995126616 -0.02791959736)
(0.2 0.7995126616 -0.02791959736)
(0.4 0.7995126616 -0.02791959736)
(0.6 0.7995126616 -0.02791959736)
(0.8 0.7995126616 -0.02791959736)
(1 0.7995126616 -0.02791959736)
(1.2 0.7995126616 -0.02791959736)
(1.4 0.7995126616 -0.02791959736)
(1.6 0.7995126616 -0.02791959736)
(1.8 0.7995126616 -0.02791959736)
(2 0.7995126616 -0.02791959736)
(2.2 0.7995126616 -0.02791959736)
(2.4 0.7995126616 -0.02791959736)
(2.6 0.7995126616 -0.02791959736)
(2.8 0.7995126616 -0.02791959736)
(3 0.7995126616 -0.02791959736)
(3.2 0.7995126616 -0.02791959736)
(3.4 0.7995126616 -0.02791959736)
(3.6 0.7995126616 -0.02791959736)
(3.8 0.7995126616 -0.02791959736)
(4 0.7995126616 -0.02791959736)
(4.2 0.7995126616 -0.02791959736)
(4.4 0.7995126616 -0.02791959736)
(4.6 0.7995126616 -0.02791959736)
(4.8 0.7995126616 -0.02791959736)
(5 0.7995126616 -0.02791959736)
(5.2 0.7995126616 -0.02791959736)
(5.4 0.7995126616 -0.02791959736)
(5.6 0.7995126616 -0.02791959736)
(5.8 0.7995126616 -0.02791959736)
(6 0.7995126616 -0.02791959736)
(6.2 0.7995126616 -0.02791959736)
(6.4 0.7995126616 -0.02791959736)
(6.6 0.7995126616 -0.02791959736)
(6.8 0.7995126616 -0.02791959736)
(7 0.7995126616 -0.02791959736)
(7.2 0.7995126616 -0.02791959736)
(7.4 0.7995126616 -0.02791959736)
(7.6 0.7995126616 -0.02791959736)
(7.8 0.7995126616 -0.02791959736)
(8 0.7995126616 -0.02791959736)
(8.2 0.7995126616 -0.02791959736)
(8.4 0.7995126616 -0.02791959736)
(8.6 0.7995126616 -0.02791959736)
(8.8 0.7995126616 -0.02791959736)
(9 0.7995126616 -0.02791959736)
(9.2 0.7995126616 -0.02791959736)
(9.4 0.7995126616 -0.02791959736)
(9.6 0.7995126616 -0.02791959736)
(9.8 0.7995126616 -0.02791959736)
(10 0.7995126616 -0.02791959736)
(10.2 0.7995126616 -0.02791959736)
(10.4 0.7995126616 -0.02791959736)
(10.6 0.7995126616 -0.02791959736)
(10.8 0.7995126616 -0.02791959736)
(11 0.7995126616 -0.02791959736)
(11.2 0.7995126616 -0.02791959736)
(11.4 0.7995126616 -0.02791959736)
(11.6 0.7995126616 -0.02791959736)
(11.8 0.7995126616 -0.02791959736)
(12 0.7995126616 -0.02791959736)
(12.2 0.7995126616 -0.02791959736)
(12.4 0.7995126616 -0.02791959736)
(12.6 0.7995126616 -0.02791959736)
(12.8 0.7995126616 -0.02791959736)
(13 0.7995126616 -0.02791959736)
(13.2 0.7995126616 -0.02791959736)
(13.4 0.7995126616 -0.02791959736)
(13.6 0.7995126616 -0.02791959736)
(13.8 0.7995126616 -0.02791959736)
(14 0.7995126616 -0.02791959736)
(14.2 0.7995126616 -0.02791959736)
(14.4 0.7995126616 -0.02791959736)
(14.6 0.7995126616 -0.02791959736)
(14.8 0.7995126616 -0.02791959736)
(15 0.7995126616 -0.02791959736)
(0 0.999390827 -0.0348994967)
(0.2 0.999390827 -0.0348994967)
(0.4 0.999390827 -0.0348994967)
(0.6 0.999390827 -0.0348994967)
(0.8 0.999390827 -0.0348994967)
(1 0.999390827 -0.0348994967)
(1.2 0.999390827 -0.0348994967)
(1.4 0.999390827 -0.0348994967)
(1.6 0.999390827 -0.0348994967)
(1.8 0.999390827 -0.0348994967)
(2 0.999390827 -0.0348994967)
(2.2 0.999390827 -0.0348994967)
(2.4 0.999390827 -0.0348994967)
(2.6 0.999390827 -0.0348994967)
(2.8 0.999390827 -0.0348994967)
(3 0.999390827 -0.0348994967)
(3.2 0.999390827 -0.0348994967)
(3.4 0.999390827 -0.0348994967)
(3.6 0.999390827 -0.0348994967)
(3.8 0.999390827 -0.0348994967)
(4 0.999390827 -0.0348994967)
(4.2 0.999390827 -0.0348994967)
(4.4 0.999390827 -0.0348994967)
(4.6 0.999390827 -0.0348994967)
(4.8 0.999390827 -0.0348994967)
(5 0.999390827 -0.0348994967)
(5.2 0.999390827 -0.0348994967)
(5.4 0.999390827 -0.0348994967)
(5.6 0.999390827 -0.0348994967)
(5.8 0.999390827 -0.0348994967)
(6 0.999390827 -0.0348994967)
(6.2 0.999390827 -0.0348994967)
(6.4 0.999390827 -0.0348994967)
(6.6 0.999390827 -0.0348994967)
(6.8 0.999390827 -0.0348994967)
(7 0.999390827 -0.0348994967)
(7.2 0.999390827 -0.0348994967)
(7.4 0.999390827 -0.0348994967)
(7.6 0.999390827 -0.0348994967)
(7.8 0.999390827 -0.0348994967)
(8 0.999390827 -0.0348994967)
(8.2 0.999390827 -0.0348994967)
(8.4 0.999390827 -0.0348994967)
(8.6 0.999390827 -0.0348994967)
(8.8 0.999390827 -0.0348994967)
(9 0.999390827 -0.0348994967)
(9.2 0.999390827 -0.0348994967)
(9.4 0.999390827 -0.0348994967)
(9.6 0.999390827 -0.0348994967)
(9.8 0.999390827 -0.0348994967)
(10 0.999390827 -0.0348994967)
(10.2 0.999390827 -0.0348994967)
(10.4 0.999390827 -0.0348994967)
(10.6 0.999390827 -0.0348994967)
(10.8 0.999390827 -0.0348994967)
(11 0.999390827 -0.0348994967)
(11.2 0.999390827 -0.0348994967)
(11.4 0.999390827 -0.0348994967)
(11.6 0.999390827 -0.0348994967)
(11.8 0.999390827 -0.0348994967)
(12 0.999390827 -0.0348994967)
(12.2 0.999390827 -0.0348994967)
(12.4 0.999390827 -0.0348994967)
(12.6 0.999390827 -0.0348994967)
(12.8 0.999390827 -0.0348994967)
(13 0.999390827 -0.0348994967)
(13.2 0.999390827 -0.0348994967)
(13.4 0.999390827 -0.0348994967)
(13.6 0.999390827 -0.0348994967)
(13.8 0.999390827 -0.0348994967)
(14 0.999390827 -0.0348994967)
(14.2 0.999390827 -0.0348994967)
(14.4 0.999390827 -0.0348994967)
(14.6 0.999390827 -0.0348994967)
(14.8 0.999390827 -0.0348994967)
(15 0.999390827 -0.0348994967)
(0 0.1998781654 0.006979899341)
(0.2 0.1998781654 0.00697989934)
(0.4 0.1998781654 0.006979899341)
(0.6 0.1998781654 0.006979899341)
(0.8 0.1998781654 0.006979899341)
(1 0.1998781654 0.006979899341)
(1.2 0.1998781654 0.006979899341)
(1.4 0.1998781654 0.006979899341)
(1.6 0.1998781654 0.006979899341)
(1.8 0.1998781654 0.006979899341)
(2 0.1998781654 0.006979899341)
(2.2 0.1998781654 0.006979899341)
(2.4 0.1998781654 0.006979899341)
(2.6 0.1998781654 0.006979899341)
(2.8 0.1998781654 0.006979899341)
(3 0.1998781654 0.006979899341)
(3.2 0.1998781654 0.006979899341)
(3.4 0.1998781654 0.006979899341)
(3.6 0.1998781654 0.006979899341)
(3.8 0.1998781654 0.00697989934)
(4 0.1998781654 0.00697989934)
(4.2 0.1998781654 0.006979899341)
(4.4 0.1998781654 0.006979899341)
(4.6 0.1998781654 0.006979899341)
(4.8 0.1998781654 0.006979899341)
(5 0.1998781654 0.006979899341)
(5.2 0.1998781654 0.006979899341)
(5.4 0.1998781654 0.006979899341)
(5.6 0.1998781654 0.006979899341)
(5.8 0.1998781654 0.006979899341)
(6 0.1998781654 0.006979899341)
(6.2 0.1998781654 0.006979899341)
(6.4 0.1998781654 0.006979899341)
(6.6 0.1998781654 0.006979899341)
(6.8 0.1998781654 0.006979899341)
(7 0.1998781654 0.006979899341)
(7.2 0.1998781654 0.006979899341)
(7.4 0.1998781654 0.006979899341)
(7.6 0.1998781654 0.006979899341)
(7.8 0.1998781654 0.006979899341)
(8 0.1998781654 0.006979899341)
(8.2 0.1998781654 0.006979899341)
(8.4 0.1998781654 0.006979899341)
(8.6 0.1998781654 0.006979899341)
(8.8 0.1998781654 0.006979899341)
(9 0.1998781654 0.006979899341)
(9.2 0.1998781654 0.006979899341)
(9.4 0.1998781654 0.006979899341)
(9.6 0.1998781654 0.006979899341)
(9.8 0.1998781654 0.006979899341)
(10 0.1998781654 0.006979899341)
(10.2 0.1998781654 0.006979899341)
(10.4 0.1998781654 0.006979899341)
(10.6 0.1998781654 0.006979899341)
(10.8 0.1998781654 0.006979899341)
(11 0.1998781654 0.006979899341)
(11.2 0.1998781654 0.006979899341)
(11.4 0.1998781654 0.006979899341)
(11.6 0.1998781654 0.006979899341)
(11.8 0.1998781654 0.006979899341)
(12 0.1998781654 0.006979899341)
(12.2 0.1998781654 0.006979899341)
(12.4 0.1998781654 0.006979899341)
(12.6 0.1998781654 0.006979899341)
(12.8 0.1998781654 0.006979899341)
(13 0.1998781654 0.006979899341)
(13.2 0.1998781654 0.006979899341)
(13.4 0.1998781654 0.006979899341)
(13.6 0.1998781654 0.006979899341)
(13.8 0.1998781654 0.006979899341)
(14 0.1998781654 0.006979899341)
(14.2 0.1998781654 0.006979899341)
(14.4 0.1998781654 0.006979899341)
(14.6 0.1998781654 0.006979899341)
(14.8 0.1998781654 0.006979899341)
(15 0.1998781654 0.006979899341)
(0 0.3997563308 0.01395979868)
(0.2 0.3997563308 0.01395979868)
(0.4 0.3997563308 0.01395979868)
(0.6 0.3997563308 0.01395979868)
(0.8 0.3997563308 0.01395979868)
(1 0.3997563308 0.01395979868)
(1.2 0.3997563308 0.01395979868)
(1.4 0.3997563308 0.01395979868)
(1.6 0.3997563308 0.01395979868)
(1.8 0.3997563308 0.01395979868)
(2 0.3997563308 0.01395979868)
(2.2 0.3997563308 0.01395979868)
(2.4 0.3997563308 0.01395979868)
(2.6 0.3997563308 0.01395979868)
(2.8 0.3997563308 0.01395979868)
(3 0.3997563308 0.01395979868)
(3.2 0.3997563308 0.01395979868)
(3.4 0.3997563308 0.01395979868)
(3.6 0.3997563308 0.01395979868)
(3.8 0.3997563308 0.01395979868)
(4 0.3997563308 0.01395979868)
(4.2 0.3997563308 0.01395979868)
(4.4 0.3997563308 0.01395979868)
(4.6 0.3997563308 0.01395979868)
(4.8 0.3997563308 0.01395979868)
(5 0.3997563308 0.01395979868)
(5.2 0.3997563308 0.01395979868)
(5.4 0.3997563308 0.01395979868)
(5.6 0.3997563308 0.01395979868)
(5.8 0.3997563308 0.01395979868)
(6 0.3997563308 0.01395979868)
(6.2 0.3997563308 0.01395979868)
(6.4 0.3997563308 0.01395979868)
(6.6 0.3997563308 0.01395979868)
(6.8 0.3997563308 0.01395979868)
(7 0.3997563308 0.01395979868)
(7.2 0.3997563308 0.01395979868)
(7.4 0.3997563308 0.01395979868)
(7.6 0.3997563308 0.01395979868)
(7.8 0.3997563308 0.01395979868)
(8 0.3997563308 0.01395979868)
(8.2 0.3997563308 0.01395979868)
(8.4 0.3997563308 0.01395979868)
(8.6 0.3997563308 0.01395979868)
(8.8 0.3997563308 0.01395979868)
(9 0.3997563308 0.01395979868)
(9.2 0.3997563308 0.01395979868)
(9.4 0.3997563308 0.01395979868)
(9.6 0.3997563308 0.01395979868)
(9.8 0.3997563308 0.01395979868)
(10 0.3997563308 0.01395979868)
(10.2 0.3997563308 0.01395979868)
(10.4 0.3997563308 0.01395979868)
(10.6 0.3997563308 0.01395979868)
(10.8 0.3997563308 0.01395979868)
(11 0.3997563308 0.01395979868)
(11.2 0.3997563308 0.01395979868)
(11.4 0.3997563308 0.01395979868)
(11.6 0.3997563308 0.01395979868)
(11.8 0.3997563308 0.01395979868)
(12 0.3997563308 0.01395979868)
(12.2 0.3997563308 0.01395979868)
(12.4 0.3997563308 0.01395979868)
(12.6 0.3997563308 0.01395979868)
(12.8 0.3997563308 0.01395979868)
(13 0.3997563308 0.01395979868)
(13.2 0.3997563308 0.01395979868)
(13.4 0.3997563308 0.01395979868)
(13.6 0.3997563308 0.01395979868)
(13.8 0.3997563308 0.01395979868)
(14 0.3997563308 0.01395979868)
(14.2 0.3997563308 0.01395979868)
(14.4 0.3997563308 0.01395979868)
(14.6 0.3997563308 0.01395979868)
(14.8 0.3997563308 0.01395979868)
(15 0.3997563308 0.01395979868)
(0 0.5996344962 0.02093969802)
(0.2 0.5996344962 0.02093969802)
(0.4 0.5996344962 0.02093969802)
(0.6 0.5996344962 0.02093969802)
(0.8 0.5996344962 0.02093969802)
(1 0.5996344962 0.02093969802)
(1.2 0.5996344962 0.02093969802)
(1.4 0.5996344962 0.02093969802)
(1.6 0.5996344962 0.02093969802)
(1.8 0.5996344962 0.02093969802)
(2 0.5996344962 0.02093969802)
(2.2 0.5996344962 0.02093969802)
(2.4 0.5996344962 0.02093969802)
(2.6 0.5996344962 0.02093969802)
(2.8 0.5996344962 0.02093969802)
(3 0.5996344962 0.02093969802)
(3.2 0.5996344962 0.02093969802)
(3.4 0.5996344962 0.02093969802)
(3.6 0.5996344962 0.02093969802)
(3.8 0.5996344962 0.02093969802)
(4 0.5996344962 0.02093969802)
(4.2 0.5996344962 0.02093969802)
(4.4 0.5996344962 0.02093969802)
(4.6 0.5996344962 0.02093969802)
(4.8 0.5996344962 0.02093969802)
(5 0.5996344962 0.02093969802)
(5.2 0.5996344962 0.02093969802)
(5.4 0.5996344962 0.02093969802)
(5.6 0.5996344962 0.02093969802)
(5.8 0.5996344962 0.02093969802)
(6 0.5996344962 0.02093969802)
(6.2 0.5996344962 0.02093969802)
(6.4 0.5996344962 0.02093969802)
(6.6 0.5996344962 0.02093969802)
(6.8 0.5996344962 0.02093969802)
(7 0.5996344962 0.02093969802)
(7.2 0.5996344962 0.02093969802)
(7.4 0.5996344962 0.02093969802)
(7.6 0.5996344962 0.02093969802)
(7.8 0.5996344962 0.02093969802)
(8 0.5996344962 0.02093969802)
(8.2 0.5996344962 0.02093969802)
(8.4 0.5996344962 0.02093969802)
(8.6 0.5996344962 0.02093969802)
(8.8 0.5996344962 0.02093969802)
(9 0.5996344962 0.02093969802)
(9.2 0.5996344962 0.02093969802)
(9.4 0.5996344962 0.02093969802)
(9.6 0.5996344962 0.02093969802)
(9.8 0.5996344962 0.02093969802)
(10 0.5996344962 0.02093969802)
(10.2 0.5996344962 0.02093969802)
(10.4 0.5996344962 0.02093969802)
(10.6 0.5996344962 0.02093969802)
(10.8 0.5996344962 0.02093969802)
(11 0.5996344962 0.02093969802)
(11.2 0.5996344962 0.02093969802)
(11.4 0.5996344962 0.02093969802)
(11.6 0.5996344962 0.02093969802)
(11.8 0.5996344962 0.02093969802)
(12 0.5996344962 0.02093969802)
(12.2 0.5996344962 0.02093969802)
(12.4 0.5996344962 0.02093969802)
(12.6 0.5996344962 0.02093969802)
(12.8 0.5996344962 0.02093969802)
(13 0.5996344962 0.02093969802)
(13.2 0.5996344962 0.02093969802)
(13.4 0.5996344962 0.02093969802)
(13.6 0.5996344962 0.02093969802)
(13.8 0.5996344962 0.02093969802)
(14 0.5996344962 0.02093969802)
(14.2 0.5996344962 0.02093969802)
(14.4 0.5996344962 0.02093969802)
(14.6 0.5996344962 0.02093969802)
(14.8 0.5996344962 0.02093969802)
(15 0.5996344962 0.02093969802)
(0 0.7995126616 0.02791959736)
(0.2 0.7995126616 0.02791959736)
(0.4 0.7995126616 0.02791959736)
(0.6 0.7995126616 0.02791959736)
(0.8 0.7995126616 0.02791959736)
(1 0.7995126616 0.02791959736)
(1.2 0.7995126616 0.02791959736)
(1.4 0.7995126616 0.02791959736)
(1.6 0.7995126616 0.02791959736)
(1.8 0.7995126616 0.02791959736)
(2 0.7995126616 0.02791959736)
(2.2 0.7995126616 0.02791959736)
(2.4 0.7995126616 0.02791959736)
(2.6 0.7995126616 0.02791959736)
(2.8 0.7995126616 0.02791959736)
(3 0.7995126616 0.02791959736)
(3.2 0.7995126616 0.02791959736)
(3.4 0.7995126616 0.02791959736)
(3.6 0.7995126616 0.02791959736)
(3.8 0.7995126616 0.02791959736)
(4 0.7995126616 0.02791959736)
(4.2 0.7995126616 0.02791959736)
(4.4 0.7995126616 0.02791959736)
(4.6 0.7995126616 0.02791959736)
(4.8 0.7995126616 0.02791959736)
(5 0.7995126616 0.02791959736)
(5.2 0.7995126616 0.02791959736)
(5.4 0.7995126616 0.02791959736)
(5.6 0.7995126616 0.02791959736)
(5.8 0.7995126616 0.02791959736)
(6 0.7995126616 0.02791959736)
(6.2 0.7995126616 0.02791959736)
(6.4 0.7995126616 0.02791959736)
(6.6 0.7995126616 0.02791959736)
(6.8 0.7995126616 0.02791959736)
(7 0.7995126616 0.02791959736)
(7.2 0.7995126616 0.02791959736)
(7.4 0.7995126616 0.02791959736)
(7.6 0.7995126616 0.02791959736)
(7.8 0.7995126616 0.02791959736)
(8 0.7995126616 0.02791959736)
(8.2 0.7995126616 0.02791959736)
(8.4 0.7995126616 0.02791959736)
(8.6 0.7995126616 0.02791959736)
(8.8 0.7995126616 0.02791959736)
(9 0.7995126616 0.02791959736)
(9.2 0.7995126616 0.02791959736)
(9.4 0.7995126616 0.02791959736)
(9.6 0.7995126616 0.02791959736)
(9.8 0.7995126616 0.02791959736)
(10 0.7995126616 0.02791959736)
(10.2 0.7995126616 0.02791959736)
(10.4 0.7995126616 0.02791959736)
(10.6 0.7995126616 0.02791959736)
(10.8 0.7995126616 0.02791959736)
(11 0.7995126616 0.02791959736)
(11.2 0.7995126616 0.02791959736)
(11.4 0.7995126616 0.02791959736)
(11.6 0.7995126616 0.02791959736)
(11.8 0.7995126616 0.02791959736)
(12 0.7995126616 0.02791959736)
(12.2 0.7995126616 0.02791959736)
(12.4 0.7995126616 0.02791959736)
(12.6 0.7995126616 0.02791959736)
(12.8 0.7995126616 0.02791959736)
(13 0.7995126616 0.02791959736)
(13.2 0.7995126616 0.02791959736)
(13.4 0.7995126616 0.02791959736)
(13.6 0.7995126616 0.02791959736)
(13.8 0.7995126616 0.02791959736)
(14 0.7995126616 0.02791959736)
(14.2 0.7995126616 0.02791959736)
(14.4 0.7995126616 0.02791959736)
(14.6 0.7995126616 0.02791959736)
(14.8 0.7995126616 0.02791959736)
(15 0.7995126616 0.02791959736)
(0 0.999390827 0.0348994967)
(0.2 0.999390827 0.0348994967)
(0.4 0.999390827 0.0348994967)
(0.6 0.999390827 0.0348994967)
(0.8 0.999390827 0.0348994967)
(1 0.999390827 0.0348994967)
(1.2 0.999390827 0.0348994967)
(1.4 0.999390827 0.0348994967)
(1.6 0.999390827 0.0348994967)
(1.8 0.999390827 0.0348994967)
(2 0.999390827 0.0348994967)
(2.2 0.999390827 0.0348994967)
(2.4 0.999390827 0.0348994967)
(2.6 0.999390827 0.0348994967)
(2.8 0.999390827 0.0348994967)
(3 0.999390827 0.0348994967)
(3.2 0.999390827 0.0348994967)
(3.4 0.999390827 0.0348994967)
(3.6 0.999390827 0.0348994967)
(3.8 0.999390827 0.0348994967)
(4 0.999390827 0.0348994967)
(4.2 0.999390827 0.0348994967)
(4.4 0.999390827 0.0348994967)
(4.6 0.999390827 0.0348994967)
(4.8 0.999390827 0.0348994967)
(5 0.999390827 0.0348994967)
(5.2 0.999390827 0.0348994967)
(5.4 0.999390827 0.0348994967)
(5.6 0.999390827 0.0348994967)
(5.8 0.999390827 0.0348994967)
(6 0.999390827 0.0348994967)
(6.2 0.999390827 0.0348994967)
(6.4 0.999390827 0.0348994967)
(6.6 0.999390827 0.0348994967)
(6.8 0.999390827 0.0348994967)
(7 0.999390827 0.0348994967)
(7.2 0.999390827 0.0348994967)
(7.4 0.999390827 0.0348994967)
(7.6 0.999390827 0.0348994967)
(7.8 0.999390827 0.0348994967)
(8 0.999390827 0.0348994967)
(8.2 0.999390827 0.0348994967)
(8.4 0.999390827 0.0348994967)
(8.6 0.999390827 0.0348994967)
(8.8 0.999390827 0.0348994967)
(9 0.999390827 0.0348994967)
(9.2 0.999390827 0.0348994967)
(9.4 0.999390827 0.0348994967)
(9.6 0.999390827 0.0348994967)
(9.8 0.999390827 0.0348994967)
(10 0.999390827 0.0348994967)
(10.2 0.999390827 0.0348994967)
(10.4 0.999390827 0.0348994967)
(10.6 0.999390827 0.0348994967)
(10.8 0.999390827 0.0348994967)
(11 0.999390827 0.0348994967)
(11.2 0.999390827 0.0348994967)
(11.4 0.999390827 0.0348994967)
(11.6 0.999390827 0.0348994967)
(11.8 0.999390827 0.0348994967)
(12 0.999390827 0.0348994967)
(12.2 0.999390827 0.0348994967)
(12.4 0.999390827 0.0348994967)
(12.6 0.999390827 0.0348994967)
(12.8 0.999390827 0.0348994967)
(13 0.999390827 0.0348994967)
(13.2 0.999390827 0.0348994967)
(13.4 0.999390827 0.0348994967)
(13.6 0.999390827 0.0348994967)
(13.8 0.999390827 0.0348994967)
(14 0.999390827 0.0348994967)
(14.2 0.999390827 0.0348994967)
(14.4 0.999390827 0.0348994967)
(14.6 0.999390827 0.0348994967)
(14.8 0.999390827 0.0348994967)
(15 0.999390827 0.0348994967)
(15.2 0 0)
(15.4 0 0)
(15.6 0 0)
(15.8 0 0)
(16 0 0)
(16.2 0 0)
(16.4 0 0)
(16.6 0 0)
(16.8 0 0)
(17 0 0)
(17.2 0 0)
(17.4 0 0)
(17.6 0 0)
(17.8 0 0)
(18 0 0)
(18.2 0 0)
(18.4 0 0)
(18.6 0 0)
(18.8 0 0)
(19 0 0)
(19.2 0 0)
(19.4 0 0)
(19.6 0 0)
(19.8 0 0)
(20 0 0)
(20.2 0 0)
(20.4 0 0)
(20.6 0 0)
(20.8 0 0)
(21 0 0)
(21.2 0 0)
(21.4 0 0)
(21.6 0 0)
(21.8 0 0)
(22 0 0)
(22.2 0 0)
(22.4 0 0)
(22.6 0 0)
(22.8 0 0)
(23 0 0)
(23.2 0 0)
(23.4 0 0)
(23.6 0 0)
(23.8 0 0)
(24 0 0)
(24.2 0 0)
(24.4 0 0)
(24.6 0 0)
(24.8 0 0)
(25 0 0)
(25.2 0 0)
(25.4 0 0)
(25.6 0 0)
(25.8 0 0)
(26 0 0)
(26.2 0 0)
(26.4 0 0)
(26.6 0 0)
(26.8 0 0)
(27 0 0)
(15.2 0.1998781654 -0.006979899341)
(15.4 0.1998781654 -0.006979899341)
(15.6 0.1998781654 -0.006979899341)
(15.8 0.1998781654 -0.006979899341)
(16 0.1998781654 -0.006979899341)
(16.2 0.1998781654 -0.006979899341)
(16.4 0.1998781654 -0.006979899341)
(16.6 0.1998781654 -0.006979899341)
(16.8 0.1998781654 -0.006979899341)
(17 0.1998781654 -0.006979899341)
(17.2 0.1998781654 -0.006979899341)
(17.4 0.1998781654 -0.006979899341)
(17.6 0.1998781654 -0.006979899341)
(17.8 0.1998781654 -0.006979899341)
(18 0.1998781654 -0.006979899341)
(18.2 0.1998781654 -0.006979899341)
(18.4 0.1998781654 -0.00697989934)
(18.6 0.1998781654 -0.006979899341)
(18.8 0.1998781654 -0.006979899341)
(19 0.1998781654 -0.006979899341)
(19.2 0.1998781654 -0.006979899341)
(19.4 0.1998781654 -0.006979899341)
(19.6 0.1998781654 -0.00697989934)
(19.8 0.1998781654 -0.006979899341)
(20 0.1998781654 -0.006979899341)
(20.2 0.1998781654 -0.00697989934)
(20.4 0.1998781654 -0.006979899341)
(20.6 0.1998781654 -0.006979899341)
(20.8 0.1998781654 -0.006979899341)
(21 0.1998781654 -0.006979899341)
(21.2 0.1998781654 -0.006979899341)
(21.4 0.1998781654 -0.006979899341)
(21.6 0.1998781654 -0.006979899341)
(21.8 0.1998781654 -0.006979899341)
(22 0.1998781654 -0.00697989934)
(22.2 0.1998781654 -0.006979899341)
(22.4 0.1998781654 -0.006979899341)
(22.6 0.1998781654 -0.006979899341)
(22.8 0.1998781654 -0.006979899341)
(23 0.1998781654 -0.006979899341)
(23.2 0.1998781654 -0.006979899341)
(23.4 0.1998781654 -0.006979899341)
(23.6 0.1998781654 -0.006979899341)
(23.8 0.1998781654 -0.006979899341)
(24 0.1998781654 -0.006979899341)
(24.2 0.1998781654 -0.006979899341)
(24.4 0.1998781654 -0.006979899341)
(24.6 0.1998781654 -0.006979899341)
(24.8 0.1998781654 -0.006979899341)
(25 0.1998781654 -0.006979899341)
(25.2 0.1998781654 -0.006979899341)
(25.4 0.1998781654 -0.006979899341)
(25.6 0.1998781654 -0.006979899341)
(25.8 0.1998781654 -0.006979899341)
(26 0.1998781654 -0.006979899341)
(26.2 0.1998781654 -0.006979899341)
(26.4 0.1998781654 -0.006979899341)
(26.6 0.1998781654 -0.006979899341)
(26.8 0.1998781654 -0.006979899341)
(27 0.1998781654 -0.006979899341)
(15.2 0.3997563308 -0.01395979868)
(15.4 0.3997563308 -0.01395979868)
(15.6 0.3997563308 -0.01395979868)
(15.8 0.3997563308 -0.01395979868)
(16 0.3997563308 -0.01395979868)
(16.2 0.3997563308 -0.01395979868)
(16.4 0.3997563308 -0.01395979868)
(16.6 0.3997563308 -0.01395979868)
(16.8 0.3997563308 -0.01395979868)
(17 0.3997563308 -0.01395979868)
(17.2 0.3997563308 -0.01395979868)
(17.4 0.3997563308 -0.01395979868)
(17.6 0.3997563308 -0.01395979868)
(17.8 0.3997563308 -0.01395979868)
(18 0.3997563308 -0.01395979868)
(18.2 0.3997563308 -0.01395979868)
(18.4 0.3997563308 -0.01395979868)
(18.6 0.3997563308 -0.01395979868)
(18.8 0.3997563308 -0.01395979868)
(19 0.3997563308 -0.01395979868)
(19.2 0.3997563308 -0.01395979868)
(19.4 0.3997563308 -0.01395979868)
(19.6 0.3997563308 -0.01395979868)
(19.8 0.3997563308 -0.01395979868)
(20 0.3997563308 -0.01395979868)
(20.2 0.3997563308 -0.01395979868)
(20.4 0.3997563308 -0.01395979868)
(20.6 0.3997563308 -0.01395979868)
(20.8 0.3997563308 -0.01395979868)
(21 0.3997563308 -0.01395979868)
(21.2 0.3997563308 -0.01395979868)
(21.4 0.3997563308 -0.01395979868)
(21.6 0.3997563308 -0.01395979868)
(21.8 0.3997563308 -0.01395979868)
(22 0.3997563308 -0.01395979868)
(22.2 0.3997563308 -0.01395979868)
(22.4 0.3997563308 -0.01395979868)
(22.6 0.3997563308 -0.01395979868)
(22.8 0.3997563308 -0.01395979868)
(23 0.3997563308 -0.01395979868)
(23.2 0.3997563308 -0.01395979868)
(23.4 0.3997563308 -0.01395979868)
(23.6 0.3997563308 -0.01395979868)
(23.8 0.3997563308 -0.01395979868)
(24 0.3997563308 -0.01395979868)
(24.2 0.3997563308 -0.01395979868)
(24.4 0.3997563308 -0.01395979868)
(24.6 0.3997563308 -0.01395979868)
(24.8 0.3997563308 -0.01395979868)
(25 0.3997563308 -0.01395979868)
(25.2 0.3997563308 -0.01395979868)
(25.4 0.3997563308 -0.01395979868)
(25.6 0.3997563308 -0.01395979868)
(25.8 0.3997563308 -0.01395979868)
(26 0.3997563308 -0.01395979868)
(26.2 0.3997563308 -0.01395979868)
(26.4 0.3997563308 -0.01395979868)
(26.6 0.3997563308 -0.01395979868)
(26.8 0.3997563308 -0.01395979868)
(27 0.3997563308 -0.01395979868)
(15.2 0.5996344962 -0.02093969802)
(15.4 0.5996344962 -0.02093969802)
(15.6 0.5996344962 -0.02093969802)
(15.8 0.5996344962 -0.02093969802)
(16 0.5996344962 -0.02093969802)
(16.2 0.5996344962 -0.02093969802)
(16.4 0.5996344962 -0.02093969802)
(16.6 0.5996344962 -0.02093969802)
(16.8 0.5996344962 -0.02093969802)
(17 0.5996344962 -0.02093969802)
(17.2 0.5996344962 -0.02093969802)
(17.4 0.5996344962 -0.02093969802)
(17.6 0.5996344962 -0.02093969802)
(17.8 0.5996344962 -0.02093969802)
(18 0.5996344962 -0.02093969802)
(18.2 0.5996344962 -0.02093969802)
(18.4 0.5996344962 -0.02093969802)
(18.6 0.5996344962 -0.02093969802)
(18.8 0.5996344962 -0.02093969802)
(19 0.5996344962 -0.02093969802)
(19.2 0.5996344962 -0.02093969802)
(19.4 0.5996344962 -0.02093969802)
(19.6 0.5996344962 -0.02093969802)
(19.8 0.5996344962 -0.02093969802)
(20 0.5996344962 -0.02093969802)
(20.2 0.5996344962 -0.02093969802)
(20.4 0.5996344962 -0.02093969802)
(20.6 0.5996344962 -0.02093969802)
(20.8 0.5996344962 -0.02093969802)
(21 0.5996344962 -0.02093969802)
(21.2 0.5996344962 -0.02093969802)
(21.4 0.5996344962 -0.02093969802)
(21.6 0.5996344962 -0.02093969802)
(21.8 0.5996344962 -0.02093969802)
(22 0.5996344962 -0.02093969802)
(22.2 0.5996344962 -0.02093969802)
(22.4 0.5996344962 -0.02093969802)
(22.6 0.5996344962 -0.02093969802)
(22.8 0.5996344962 -0.02093969802)
(23 0.5996344962 -0.02093969802)
(23.2 0.5996344962 -0.02093969802)
(23.4 0.5996344962 -0.02093969802)
(23.6 0.5996344962 -0.02093969802)
(23.8 0.5996344962 -0.02093969802)
(24 0.5996344962 -0.02093969802)
(24.2 0.5996344962 -0.02093969802)
(24.4 0.5996344962 -0.02093969802)
(24.6 0.5996344962 -0.02093969802)
(24.8 0.5996344962 -0.02093969802)
(25 0.5996344962 -0.02093969802)
(25.2 0.5996344962 -0.02093969802)
(25.4 0.5996344962 -0.02093969802)
(25.6 0.5996344962 -0.02093969802)
(25.8 0.5996344962 -0.02093969802)
(26 0.5996344962 -0.02093969802)
(26.2 0.5996344962 -0.02093969802)
(26.4 0.5996344962 -0.02093969802)
(26.6 0.5996344962 -0.02093969802)
(26.8 0.5996344962 -0.02093969802)
(27 0.5996344962 -0.02093969802)
(15.2 0.7995126616 -0.02791959736)
(15.4 0.7995126616 -0.02791959736)
(15.6 0.7995126616 -0.02791959736)
(15.8 0.7995126616 -0.02791959736)
(16 0.7995126616 -0.02791959736)
(16.2 0.7995126616 -0.02791959736)
(16.4 0.7995126616 -0.02791959736)
(16.6 0.7995126616 -0.02791959736)
(16.8 0.7995126616 -0.02791959736)
(17 0.7995126616 -0.02791959736)
(17.2 0.7995126616 -0.02791959736)
(17.4 0.7995126616 -0.02791959736)
(17.6 0.7995126616 -0.02791959736)
(17.8 0.7995126616 -0.02791959736)
(18 0.7995126616 -0.02791959736)
(18.2 0.7995126616 -0.02791959736)
(18.4 0.7995126616 -0.02791959736)
(18.6 0.7995126616 -0.02791959736)
(18.8 0.7995126616 -0.02791959736)
(19 0.7995126616 -0.02791959736)
(19.2 0.7995126616 -0.02791959736)
(19.4 0.7995126616 -0.02791959736)
(19.6 0.7995126616 -0.02791959736)
(19.8 0.7995126616 -0.02791959736)
(20 0.7995126616 -0.02791959736)
(20.2 0.7995126616 -0.02791959736)
(20.4 0.7995126616 -0.02791959736)
(20.6 0.7995126616 -0.02791959736)
(20.8 0.7995126616 -0.02791959736)
(21 0.7995126616 -0.02791959736)
(21.2 0.7995126616 -0.02791959736)
(21.4 0.7995126616 -0.02791959736)
(21.6 0.7995126616 -0.02791959736)
(21.8 0.7995126616 -0.02791959736)
(22 0.7995126616 -0.02791959736)
(22.2 0.7995126616 -0.02791959736)
(22.4 0.7995126616 -0.02791959736)
(22.6 0.7995126616 -0.02791959736)
(22.8 0.7995126616 -0.02791959736)
(23 0.7995126616 -0.02791959736)
(23.2 0.7995126616 -0.02791959736)
(23.4 0.7995126616 -0.02791959736)
(23.6 0.7995126616 -0.02791959736)
(23.8 0.7995126616 -0.02791959736)
(24 0.7995126616 -0.02791959736)
(24.2 0.7995126616 -0.02791959736)
(24.4 0.7995126616 -0.02791959736)
(24.6 0.7995126616 -0.02791959736)
(24.8 0.7995126616 -0.02791959736)
(25 0.7995126616 -0.02791959736)
(25.2 0.7995126616 -0.02791959736)
(25.4 0.7995126616 -0.02791959736)
(25.6 0.7995126616 -0.02791959736)
(25.8 0.7995126616 -0.02791959736)
(26 0.7995126616 -0.02791959736)
(26.2 0.7995126616 -0.02791959736)
(26.4 0.7995126616 -0.02791959736)
(26.6 0.7995126616 -0.02791959736)
(26.8 0.7995126616 -0.02791959736)
(27 0.7995126616 -0.02791959736)
(15.2 0.999390827 -0.0348994967)
(15.4 0.999390827 -0.0348994967)
(15.6 0.999390827 -0.0348994967)
(15.8 0.999390827 -0.0348994967)
(16 0.999390827 -0.0348994967)
(16.2 0.999390827 -0.0348994967)
(16.4 0.999390827 -0.0348994967)
(16.6 0.999390827 -0.0348994967)
(16.8 0.999390827 -0.0348994967)
(17 0.999390827 -0.0348994967)
(17.2 0.999390827 -0.0348994967)
(17.4 0.999390827 -0.0348994967)
(17.6 0.999390827 -0.0348994967)
(17.8 0.999390827 -0.0348994967)
(18 0.999390827 -0.0348994967)
(18.2 0.999390827 -0.0348994967)
(18.4 0.999390827 -0.0348994967)
(18.6 0.999390827 -0.0348994967)
(18.8 0.999390827 -0.0348994967)
(19 0.999390827 -0.0348994967)
(19.2 0.999390827 -0.0348994967)
(19.4 0.999390827 -0.0348994967)
(19.6 0.999390827 -0.0348994967)
(19.8 0.999390827 -0.0348994967)
(20 0.999390827 -0.0348994967)
(20.2 0.999390827 -0.0348994967)
(20.4 0.999390827 -0.0348994967)
(20.6 0.999390827 -0.0348994967)
(20.8 0.999390827 -0.0348994967)
(21 0.999390827 -0.0348994967)
(21.2 0.999390827 -0.0348994967)
(21.4 0.999390827 -0.0348994967)
(21.6 0.999390827 -0.0348994967)
(21.8 0.999390827 -0.0348994967)
(22 0.999390827 -0.0348994967)
(22.2 0.999390827 -0.0348994967)
(22.4 0.999390827 -0.0348994967)
(22.6 0.999390827 -0.0348994967)
(22.8 0.999390827 -0.0348994967)
(23 0.999390827 -0.0348994967)
(23.2 0.999390827 -0.0348994967)
(23.4 0.999390827 -0.0348994967)
(23.6 0.999390827 -0.0348994967)
(23.8 0.999390827 -0.0348994967)
(24 0.999390827 -0.0348994967)
(24.2 0.999390827 -0.0348994967)
(24.4 0.999390827 -0.0348994967)
(24.6 0.999390827 -0.0348994967)
(24.8 0.999390827 -0.0348994967)
(25 0.999390827 -0.0348994967)
(25.2 0.999390827 -0.0348994967)
(25.4 0.999390827 -0.0348994967)
(25.6 0.999390827 -0.0348994967)
(25.8 0.999390827 -0.0348994967)
(26 0.999390827 -0.0348994967)
(26.2 0.999390827 -0.0348994967)
(26.4 0.999390827 -0.0348994967)
(26.6 0.999390827 -0.0348994967)
(26.8 0.999390827 -0.0348994967)
(27 0.999390827 -0.0348994967)
(15.2 0.1998781654 0.006979899341)
(15.4 0.1998781654 0.006979899341)
(15.6 0.1998781654 0.006979899341)
(15.8 0.1998781654 0.006979899341)
(16 0.1998781654 0.006979899341)
(16.2 0.1998781654 0.006979899341)
(16.4 0.1998781654 0.006979899341)
(16.6 0.1998781654 0.006979899341)
(16.8 0.1998781654 0.006979899341)
(17 0.1998781654 0.006979899341)
(17.2 0.1998781654 0.006979899341)
(17.4 0.1998781654 0.006979899341)
(17.6 0.1998781654 0.006979899341)
(17.8 0.1998781654 0.006979899341)
(18 0.1998781654 0.006979899341)
(18.2 0.1998781654 0.00697989934)
(18.4 0.1998781654 0.006979899341)
(18.6 0.1998781654 0.006979899341)
(18.8 0.1998781654 0.006979899341)
(19 0.1998781654 0.006979899341)
(19.2 0.1998781654 0.006979899341)
(19.4 0.1998781654 0.006979899341)
(19.6 0.1998781654 0.006979899341)
(19.8 0.1998781654 0.006979899341)
(20 0.1998781654 0.006979899341)
(20.2 0.1998781654 0.006979899341)
(20.4 0.1998781654 0.006979899341)
(20.6 0.1998781654 0.006979899341)
(20.8 0.1998781654 0.006979899341)
(21 0.1998781654 0.006979899341)
(21.2 0.1998781654 0.006979899341)
(21.4 0.1998781654 0.006979899341)
(21.6 0.1998781654 0.006979899341)
(21.8 0.1998781654 0.006979899341)
(22 0.1998781654 0.006979899341)
(22.2 0.1998781654 0.006979899341)
(22.4 0.1998781654 0.006979899341)
(22.6 0.1998781654 0.006979899341)
(22.8 0.1998781654 0.006979899341)
(23 0.1998781654 0.006979899341)
(23.2 0.1998781654 0.006979899341)
(23.4 0.1998781654 0.006979899341)
(23.6 0.1998781654 0.006979899341)
(23.8 0.1998781654 0.006979899341)
(24 0.1998781654 0.006979899341)
(24.2 0.1998781654 0.006979899341)
(24.4 0.1998781654 0.006979899341)
(24.6 0.1998781654 0.006979899341)
(24.8 0.1998781654 0.006979899341)
(25 0.1998781654 0.006979899341)
(25.2 0.1998781654 0.006979899341)
(25.4 0.1998781654 0.006979899341)
(25.6 0.1998781654 0.006979899341)
(25.8 0.1998781654 0.006979899341)
(26 0.1998781654 0.006979899341)
(26.2 0.1998781654 0.006979899341)
(26.4 0.1998781654 0.006979899341)
(26.6 0.1998781654 0.006979899341)
(26.8 0.1998781654 0.006979899341)
(27 0.1998781654 0.006979899341)
(15.2 0.3997563308 0.01395979868)
(15.4 0.3997563308 0.01395979868)
(15.6 0.3997563308 0.01395979868)
(15.8 0.3997563308 0.01395979868)
(16 0.3997563308 0.01395979868)
(16.2 0.3997563308 0.01395979868)
(16.4 0.3997563308 0.01395979868)
(16.6 0.3997563308 0.01395979868)
(16.8 0.3997563308 0.01395979868)
(17 0.3997563308 0.01395979868)
(17.2 0.3997563308 0.01395979868)
(17.4 0.3997563308 0.01395979868)
(17.6 0.3997563308 0.01395979868)
(17.8 0.3997563308 0.01395979868)
(18 0.3997563308 0.01395979868)
(18.2 0.3997563308 0.01395979868)
(18.4 0.3997563308 0.01395979868)
(18.6 0.3997563308 0.01395979868)
(18.8 0.3997563308 0.01395979868)
(19 0.3997563308 0.01395979868)
(19.2 0.3997563308 0.01395979868)
(19.4 0.3997563308 0.01395979868)
(19.6 0.3997563308 0.01395979868)
(19.8 0.3997563308 0.01395979868)
(20 0.3997563308 0.01395979868)
(20.2 0.3997563308 0.01395979868)
(20.4 0.3997563308 0.01395979868)
(20.6 0.3997563308 0.01395979868)
(20.8 0.3997563308 0.01395979868)
(21 0.3997563308 0.01395979868)
(21.2 0.3997563308 0.01395979868)
(21.4 0.3997563308 0.01395979868)
(21.6 0.3997563308 0.01395979868)
(21.8 0.3997563308 0.01395979868)
(22 0.3997563308 0.01395979868)
(22.2 0.3997563308 0.01395979868)
(22.4 0.3997563308 0.01395979868)
(22.6 0.3997563308 0.01395979868)
(22.8 0.3997563308 0.01395979868)
(23 0.3997563308 0.01395979868)
(23.2 0.3997563308 0.01395979868)
(23.4 0.3997563308 0.01395979868)
(23.6 0.3997563308 0.01395979868)
(23.8 0.3997563308 0.01395979868)
(24 0.3997563308 0.01395979868)
(24.2 0.3997563308 0.01395979868)
(24.4 0.3997563308 0.01395979868)
(24.6 0.3997563308 0.01395979868)
(24.8 0.3997563308 0.01395979868)
(25 0.3997563308 0.01395979868)
(25.2 0.3997563308 0.01395979868)
(25.4 0.3997563308 0.01395979868)
(25.6 0.3997563308 0.01395979868)
(25.8 0.3997563308 0.01395979868)
(26 0.3997563308 0.01395979868)
(26.2 0.3997563308 0.01395979868)
(26.4 0.3997563308 0.01395979868)
(26.6 0.3997563308 0.01395979868)
(26.8 0.3997563308 0.01395979868)
(27 0.3997563308 0.01395979868)
(15.2 0.5996344962 0.02093969802)
(15.4 0.5996344962 0.02093969802)
(15.6 0.5996344962 0.02093969802)
(15.8 0.5996344962 0.02093969802)
(16 0.5996344962 0.02093969802)
(16.2 0.5996344962 0.02093969802)
(16.4 0.5996344962 0.02093969802)
(16.6 0.5996344962 0.02093969802)
(16.8 0.5996344962 0.02093969802)
(17 0.5996344962 0.02093969802)
(17.2 0.5996344962 0.02093969802)
(17.4 0.5996344962 0.02093969802)
(17.6 0.5996344962 0.02093969802)
(17.8 0.5996344962 0.02093969802)
(18 0.5996344962 0.02093969802)
(18.2 0.5996344962 0.02093969802)
(18.4 0.5996344962 0.02093969802)
(18.6 0.5996344962 0.02093969802)
(18.8 0.5996344962 0.02093969802)
(19 0.5996344962 0.02093969802)
(19.2 0.5996344962 0.02093969802)
(19.4 0.5996344962 0.02093969802)
(19.6 0.5996344962 0.02093969802)
(19.8 0.5996344962 0.02093969802)
(20 0.5996344962 0.02093969802)
(20.2 0.5996344962 0.02093969802)
(20.4 0.5996344962 0.02093969802)
(20.6 0.5996344962 0.02093969802)
(20.8 0.5996344962 0.02093969802)
(21 0.5996344962 0.02093969802)
(21.2 0.5996344962 0.02093969802)
(21.4 0.5996344962 0.02093969802)
(21.6 0.5996344962 0.02093969802)
(21.8 0.5996344962 0.02093969802)
(22 0.5996344962 0.02093969802)
(22.2 0.5996344962 0.02093969802)
(22.4 0.5996344962 0.02093969802)
(22.6 0.5996344962 0.02093969802)
(22.8 0.5996344962 0.02093969802)
(23 0.5996344962 0.02093969802)
(23.2 0.5996344962 0.02093969802)
(23.4 0.5996344962 0.02093969802)
(23.6 0.5996344962 0.02093969802)
(23.8 0.5996344962 0.02093969802)
(24 0.5996344962 0.02093969802)
(24.2 0.5996344962 0.02093969802)
(24.4 0.5996344962 0.02093969802)
(24.6 0.5996344962 0.02093969802)
(24.8 0.5996344962 0.02093969802)
(25 0.5996344962 0.02093969802)
(25.2 0.5996344962 0.02093969802)
(25.4 0.5996344962 0.02093969802)
(25.6 0.5996344962 0.02093969802)
(25.8 0.5996344962 0.02093969802)
(26 0.5996344962 0.02093969802)
(26.2 0.5996344962 0.02093969802)
(26.4 0.5996344962 0.02093969802)
(26.6 0.5996344962 0.02093969802)
(26.8 0.5996344962 0.02093969802)
(27 0.5996344962 0.02093969802)
(15.2 0.7995126616 0.02791959736)
(15.4 0.7995126616 0.02791959736)
(15.6 0.7995126616 0.02791959736)
(15.8 0.7995126616 0.02791959736)
(16 0.7995126616 0.02791959736)
(16.2 0.7995126616 0.02791959736)
(16.4 0.7995126616 0.02791959736)
(16.6 0.7995126616 0.02791959736)
(16.8 0.7995126616 0.02791959736)
(17 0.7995126616 0.02791959736)
(17.2 0.7995126616 0.02791959736)
(17.4 0.7995126616 0.02791959736)
(17.6 0.7995126616 0.02791959736)
(17.8 0.7995126616 0.02791959736)
(18 0.7995126616 0.02791959736)
(18.2 0.7995126616 0.02791959736)
(18.4 0.7995126616 0.02791959736)
(18.6 0.7995126616 0.02791959736)
(18.8 0.7995126616 0.02791959736)
(19 0.7995126616 0.02791959736)
(19.2 0.7995126616 0.02791959736)
(19.4 0.7995126616 0.02791959736)
(19.6 0.7995126616 0.02791959736)
(19.8 0.7995126616 0.02791959736)
(20 0.7995126616 0.02791959736)
(20.2 0.7995126616 0.02791959736)
(20.4 0.7995126616 0.02791959736)
(20.6 0.7995126616 0.02791959736)
(20.8 0.7995126616 0.02791959736)
(21 0.7995126616 0.02791959736)
(21.2 0.7995126616 0.02791959736)
(21.4 0.7995126616 0.02791959736)
(21.6 0.7995126616 0.02791959736)
(21.8 0.7995126616 0.02791959736)
(22 0.7995126616 0.02791959736)
(22.2 0.7995126616 0.02791959736)
(22.4 0.7995126616 0.02791959736)
(22.6 0.7995126616 0.02791959736)
(22.8 0.7995126616 0.02791959736)
(23 0.7995126616 0.02791959736)
(23.2 0.7995126616 0.02791959736)
(23.4 0.7995126616 0.02791959736)
(23.6 0.7995126616 0.02791959736)
(23.8 0.7995126616 0.02791959736)
(24 0.7995126616 0.02791959736)
(24.2 0.7995126616 0.02791959736)
(24.4 0.7995126616 0.02791959736)
(24.6 0.7995126616 0.02791959736)
(24.8 0.7995126616 0.02791959736)
(25 0.7995126616 0.02791959736)
(25.2 0.7995126616 0.02791959736)
(25.4 0.7995126616 0.02791959736)
(25.6 0.7995126616 0.02791959736)
(25.8 0.7995126616 0.02791959736)
(26 0.7995126616 0.02791959736)
(26.2 0.7995126616 0.02791959736)
(26.4 0.7995126616 0.02791959736)
(26.6 0.7995126616 0.02791959736)
(26.8 0.7995126616 0.02791959736)
(27 0.7995126616 0.02791959736)
(15.2 0.999390827 0.0348994967)
(15.4 0.999390827 0.0348994967)
(15.6 0.999390827 0.0348994967)
(15.8 0.999390827 0.0348994967)
(16 0.999390827 0.0348994967)
(16.2 0.999390827 0.0348994967)
(16.4 0.999390827 0.0348994967)
(16.6 0.999390827 0.0348994967)
(16.8 0.999390827 0.0348994967)
(17 0.999390827 0.0348994967)
(17.2 0.999390827 0.0348994967)
(17.4 0.999390827 0.0348994967)
(17.6 0.999390827 0.0348994967)
(17.8 0.999390827 0.0348994967)
(18 0.999390827 0.0348994967)
(18.2 0.999390827 0.0348994967)
(18.4 0.999390827 0.0348994967)
(18.6 0.999390827 0.0348994967)
(18.8 0.999390827 0.0348994967)
(19 0.999390827 0.0348994967)
(19.2 0.999390827 0.0348994967)
(19.4 0.999390827 0.0348994967)
(19.6 0.999390827 0.0348994967)
(19.8 0.999390827 0.0348994967)
(20 0.999390827 0.0348994967)
(20.2 0.999390827 0.0348994967)
(20.4 0.999390827 0.0348994967)
(20.6 0.999390827 0.0348994967)
(20.8 0.999390827 0.0348994967)
(21 0.999390827 0.0348994967)
(21.2 0.999390827 0.0348994967)
(21.4 0.999390827 0.0348994967)
(21.6 0.999390827 0.0348994967)
(21.8 0.999390827 0.0348994967)
(22 0.999390827 0.0348994967)
(22.2 0.999390827 0.0348994967)
(22.4 0.999390827 0.0348994967)
(22.6 0.999390827 0.0348994967)
(22.8 0.999390827 0.0348994967)
(23 0.999390827 0.0348994967)
(23.2 0.999390827 0.0348994967)
(23.4 0.999390827 0.0348994967)
(23.6 0.999390827 0.0348994967)
(23.8 0.999390827 0.0348994967)
(24 0.999390827 0.0348994967)
(24.2 0.999390827 0.0348994967)
(24.4 0.999390827 0.0348994967)
(24.6 0.999390827 0.0348994967)
(24.8 0.999390827 0.0348994967)
(25 0.999390827 0.0348994967)
(25.2 0.999390827 0.0348994967)
(25.4 0.999390827 0.0348994967)
(25.6 0.999390827 0.0348994967)
(25.8 0.999390827 0.0348994967)
(26 0.999390827 0.0348994967)
(26.2 0.999390827 0.0348994967)
(26.4 0.999390827 0.0348994967)
(26.6 0.999390827 0.0348994967)
(26.8 0.999390827 0.0348994967)
(27 0.999390827 0.0348994967)
(27.2 0 0)
(27.4 0 0)
(27.6 0 0)
(27.8 0 0)
(28 0 0)
(28.2 0 0)
(28.4 0 0)
(28.6 0 0)
(28.8 0 0)
(29 0 0)
(29.2 0 0)
(29.4 0 0)
(29.6 0 0)
(29.8 0 0)
(30 0 0)
(30.2 0 0)
(30.4 0 0)
(30.6 0 0)
(30.8 0 0)
(31 0 0)
(31.2 0 0)
(31.4 0 0)
(31.6 0 0)
(31.8 0 0)
(32 0 0)
(32.2 0 0)
(32.4 0 0)
(32.6 0 0)
(32.8 0 0)
(33 0 0)
(33.2 0 0)
(33.4 0 0)
(33.6 0 0)
(33.8 0 0)
(34 0 0)
(34.2 0 0)
(34.4 0 0)
(34.6 0 0)
(34.8 0 0)
(35 0 0)
(35.2 0 0)
(35.4 0 0)
(35.6 0 0)
(35.8 0 0)
(36 0 0)
(36.2 0 0)
(36.4 0 0)
(36.6 0 0)
(36.8 0 0)
(37 0 0)
(37.2 0 0)
(37.4 0 0)
(37.6 0 0)
(37.8 0 0)
(38 0 0)
(38.2 0 0)
(38.4 0 0)
(38.6 0 0)
(38.8 0 0)
(39 0 0)
(39.2 0 0)
(39.4 0 0)
(39.6 0 0)
(39.8 0 0)
(40 0 0)
(40.2 0 0)
(40.4 0 0)
(40.6 0 0)
(40.8 0 0)
(41 0 0)
(41.2 0 0)
(41.4 0 0)
(41.6 0 0)
(41.8 0 0)
(42 0 0)
(27.2 0.1998781654 -0.006979899341)
(27.4 0.1998781654 -0.006979899341)
(27.6 0.1998781654 -0.006979899341)
(27.8 0.1998781654 -0.006979899341)
(28 0.1998781654 -0.006979899341)
(28.2 0.1998781654 -0.006979899341)
(28.4 0.1998781654 -0.006979899341)
(28.6 0.1998781654 -0.006979899341)
(28.8 0.1998781654 -0.006979899341)
(29 0.1998781654 -0.006979899341)
(29.2 0.1998781654 -0.006979899341)
(29.4 0.1998781654 -0.006979899341)
(29.6 0.1998781654 -0.006979899341)
(29.8 0.1998781654 -0.006979899341)
(30 0.1998781654 -0.006979899341)
(30.2 0.1998781654 -0.006979899341)
(30.4 0.1998781654 -0.006979899341)
(30.6 0.1998781654 -0.006979899341)
(30.8 0.1998781654 -0.006979899341)
(31 0.1998781654 -0.006979899341)
(31.2 0.1998781654 -0.006979899341)
(31.4 0.1998781654 -0.00697989934)
(31.6 0.1998781654 -0.006979899341)
(31.8 0.1998781654 -0.006979899341)
(32 0.1998781654 -0.006979899341)
(32.2 0.1998781654 -0.006979899341)
(32.4 0.1998781654 -0.006979899341)
(32.6 0.1998781654 -0.00697989934)
(32.8 0.1998781654 -0.006979899341)
(33 0.1998781654 -0.006979899341)
(33.2 0.1998781654 -0.00697989934)
(33.4 0.1998781654 -0.006979899341)
(33.6 0.1998781654 -0.006979899341)
(33.8 0.1998781654 -0.00697989934)
(34 0.1998781654 -0.006979899341)
(34.2 0.1998781654 -0.006979899341)
(34.4 0.1998781654 -0.006979899341)
(34.6 0.1998781654 -0.006979899341)
(34.8 0.1998781654 -0.006979899341)
(35 0.1998781654 -0.006979899341)
(35.2 0.1998781654 -0.006979899341)
(35.4 0.1998781654 -0.006979899341)
(35.6 0.1998781654 -0.00697989934)
(35.8 0.1998781654 -0.006979899341)
(36 0.1998781654 -0.006979899341)
(36.2 0.1998781654 -0.006979899341)
(36.4 0.1998781654 -0.006979899341)
(36.6 0.1998781654 -0.006979899341)
(36.8 0.1998781654 -0.006979899341)
(37 0.1998781654 -0.006979899341)
(37.2 0.1998781654 -0.006979899341)
(37.4 0.1998781654 -0.006979899341)
(37.6 0.1998781654 -0.006979899341)
(37.8 0.1998781654 -0.006979899341)
(38 0.1998781654 -0.006979899341)
(38.2 0.1998781654 -0.006979899341)
(38.4 0.1998781654 -0.006979899341)
(38.6 0.1998781654 -0.006979899341)
(38.8 0.1998781654 -0.006979899341)
(39 0.1998781654 -0.006979899341)
(39.2 0.1998781654 -0.006979899341)
(39.4 0.1998781654 -0.006979899341)
(39.6 0.1998781654 -0.006979899341)
(39.8 0.1998781654 -0.006979899341)
(40 0.1998781654 -0.006979899341)
(40.2 0.1998781654 -0.006979899341)
(40.4 0.1998781654 -0.006979899341)
(40.6 0.1998781654 -0.006979899341)
(40.8 0.1998781654 -0.006979899341)
(41 0.1998781654 -0.006979899341)
(41.2 0.1998781654 -0.006979899341)
(41.4 0.1998781654 -0.006979899341)
(41.6 0.1998781654 -0.006979899341)
(41.8 0.1998781654 -0.006979899341)
(42 0.1998781654 -0.006979899341)
(27.2 0.3997563308 -0.01395979868)
(27.4 0.3997563308 -0.01395979868)
(27.6 0.3997563308 -0.01395979868)
(27.8 0.3997563308 -0.01395979868)
(28 0.3997563308 -0.01395979868)
(28.2 0.3997563308 -0.01395979868)
(28.4 0.3997563308 -0.01395979868)
(28.6 0.3997563308 -0.01395979868)
(28.8 0.3997563308 -0.01395979868)
(29 0.3997563308 -0.01395979868)
(29.2 0.3997563308 -0.01395979868)
(29.4 0.3997563308 -0.01395979868)
(29.6 0.3997563308 -0.01395979868)
(29.8 0.3997563308 -0.01395979868)
(30 0.3997563308 -0.01395979868)
(30.2 0.3997563308 -0.01395979868)
(30.4 0.3997563308 -0.01395979868)
(30.6 0.3997563308 -0.01395979868)
(30.8 0.3997563308 -0.01395979868)
(31 0.3997563308 -0.01395979868)
(31.2 0.3997563308 -0.01395979868)
(31.4 0.3997563308 -0.01395979868)
(31.6 0.3997563308 -0.01395979868)
(31.8 0.3997563308 -0.01395979868)
(32 0.3997563308 -0.01395979868)
(32.2 0.3997563308 -0.01395979868)
(32.4 0.3997563308 -0.01395979868)
(32.6 0.3997563308 -0.01395979868)
(32.8 0.3997563308 -0.01395979868)
(33 0.3997563308 -0.01395979868)
(33.2 0.3997563308 -0.01395979868)
(33.4 0.3997563308 -0.01395979868)
(33.6 0.3997563308 -0.01395979868)
(33.8 0.3997563308 -0.01395979868)
(34 0.3997563308 -0.01395979868)
(34.2 0.3997563308 -0.01395979868)
(34.4 0.3997563308 -0.01395979868)
(34.6 0.3997563308 -0.01395979868)
(34.8 0.3997563308 -0.01395979868)
(35 0.3997563308 -0.01395979868)
(35.2 0.3997563308 -0.01395979868)
(35.4 0.3997563308 -0.01395979868)
(35.6 0.3997563308 -0.01395979868)
(35.8 0.3997563308 -0.01395979868)
(36 0.3997563308 -0.01395979868)
(36.2 0.3997563308 -0.01395979868)
(36.4 0.3997563308 -0.01395979868)
(36.6 0.3997563308 -0.01395979868)
(36.8 0.3997563308 -0.01395979868)
(37 0.3997563308 -0.01395979868)
(37.2 0.3997563308 -0.01395979868)
(37.4 0.3997563308 -0.01395979868)
(37.6 0.3997563308 -0.01395979868)
(37.8 0.3997563308 -0.01395979868)
(38 0.3997563308 -0.01395979868)
(38.2 0.3997563308 -0.01395979868)
(38.4 0.3997563308 -0.01395979868)
(38.6 0.3997563308 -0.01395979868)
(38.8 0.3997563308 -0.01395979868)
(39 0.3997563308 -0.01395979868)
(39.2 0.3997563308 -0.01395979868)
(39.4 0.3997563308 -0.01395979868)
(39.6 0.3997563308 -0.01395979868)
(39.8 0.3997563308 -0.01395979868)
(40 0.3997563308 -0.01395979868)
(40.2 0.3997563308 -0.01395979868)
(40.4 0.3997563308 -0.01395979868)
(40.6 0.3997563308 -0.01395979868)
(40.8 0.3997563308 -0.01395979868)
(41 0.3997563308 -0.01395979868)
(41.2 0.3997563308 -0.01395979868)
(41.4 0.3997563308 -0.01395979868)
(41.6 0.3997563308 -0.01395979868)
(41.8 0.3997563308 -0.01395979868)
(42 0.3997563308 -0.01395979868)
(27.2 0.5996344962 -0.02093969802)
(27.4 0.5996344962 -0.02093969802)
(27.6 0.5996344962 -0.02093969802)
(27.8 0.5996344962 -0.02093969802)
(28 0.5996344962 -0.02093969802)
(28.2 0.5996344962 -0.02093969802)
(28.4 0.5996344962 -0.02093969802)
(28.6 0.5996344962 -0.02093969802)
(28.8 0.5996344962 -0.02093969802)
(29 0.5996344962 -0.02093969802)
(29.2 0.5996344962 -0.02093969802)
(29.4 0.5996344962 -0.02093969802)
(29.6 0.5996344962 -0.02093969802)
(29.8 0.5996344962 -0.02093969802)
(30 0.5996344962 -0.02093969802)
(30.2 0.5996344962 -0.02093969802)
(30.4 0.5996344962 -0.02093969802)
(30.6 0.5996344962 -0.02093969802)
(30.8 0.5996344962 -0.02093969802)
(31 0.5996344962 -0.02093969802)
(31.2 0.5996344962 -0.02093969802)
(31.4 0.5996344962 -0.02093969802)
(31.6 0.5996344962 -0.02093969802)
(31.8 0.5996344962 -0.02093969802)
(32 0.5996344962 -0.02093969802)
(32.2 0.5996344962 -0.02093969802)
(32.4 0.5996344962 -0.02093969802)
(32.6 0.5996344962 -0.02093969802)
(32.8 0.5996344962 -0.02093969802)
(33 0.5996344962 -0.02093969802)
(33.2 0.5996344962 -0.02093969802)
(33.4 0.5996344962 -0.02093969802)
(33.6 0.5996344962 -0.02093969802)
(33.8 0.5996344962 -0.02093969802)
(34 0.5996344962 -0.02093969802)
(34.2 0.5996344962 -0.02093969802)
(34.4 0.5996344962 -0.02093969802)
(34.6 0.5996344962 -0.02093969802)
(34.8 0.5996344962 -0.02093969802)
(35 0.5996344962 -0.02093969802)
(35.2 0.5996344962 -0.02093969802)
(35.4 0.5996344962 -0.02093969802)
(35.6 0.5996344962 -0.02093969802)
(35.8 0.5996344962 -0.02093969802)
(36 0.5996344962 -0.02093969802)
(36.2 0.5996344962 -0.02093969802)
(36.4 0.5996344962 -0.02093969802)
(36.6 0.5996344962 -0.02093969802)
(36.8 0.5996344962 -0.02093969802)
(37 0.5996344962 -0.02093969802)
(37.2 0.5996344962 -0.02093969802)
(37.4 0.5996344962 -0.02093969802)
(37.6 0.5996344962 -0.02093969802)
(37.8 0.5996344962 -0.02093969802)
(38 0.5996344962 -0.02093969802)
(38.2 0.5996344962 -0.02093969802)
(38.4 0.5996344962 -0.02093969802)
(38.6 0.5996344962 -0.02093969802)
(38.8 0.5996344962 -0.02093969802)
(39 0.5996344962 -0.02093969802)
(39.2 0.5996344962 -0.02093969802)
(39.4 0.5996344962 -0.02093969802)
(39.6 0.5996344962 -0.02093969802)
(39.8 0.5996344962 -0.02093969802)
(40 0.5996344962 -0.02093969802)
(40.2 0.5996344962 -0.02093969802)
(40.4 0.5996344962 -0.02093969802)
(40.6 0.5996344962 -0.02093969802)
(40.8 0.5996344962 -0.02093969802)
(41 0.5996344962 -0.02093969802)
(41.2 0.5996344962 -0.02093969802)
(41.4 0.5996344962 -0.02093969802)
(41.6 0.5996344962 -0.02093969802)
(41.8 0.5996344962 -0.02093969802)
(42 0.5996344962 -0.02093969802)
(27.2 0.7995126616 -0.02791959736)
(27.4 0.7995126616 -0.02791959736)
(27.6 0.7995126616 -0.02791959736)
(27.8 0.7995126616 -0.02791959736)
(28 0.7995126616 -0.02791959736)
(28.2 0.7995126616 -0.02791959736)
(28.4 0.7995126616 -0.02791959736)
(28.6 0.7995126616 -0.02791959736)
(28.8 0.7995126616 -0.02791959736)
(29 0.7995126616 -0.02791959736)
(29.2 0.7995126616 -0.02791959736)
(29.4 0.7995126616 -0.02791959736)
(29.6 0.7995126616 -0.02791959736)
(29.8 0.7995126616 -0.02791959736)
(30 0.7995126616 -0.02791959736)
(30.2 0.7995126616 -0.02791959736)
(30.4 0.7995126616 -0.02791959736)
(30.6 0.7995126616 -0.02791959736)
(30.8 0.7995126616 -0.02791959736)
(31 0.7995126616 -0.02791959736)
(31.2 0.7995126616 -0.02791959736)
(31.4 0.7995126616 -0.02791959736)
(31.6 0.7995126616 -0.02791959736)
(31.8 0.7995126616 -0.02791959736)
(32 0.7995126616 -0.02791959736)
(32.2 0.7995126616 -0.02791959736)
(32.4 0.7995126616 -0.02791959736)
(32.6 0.7995126616 -0.02791959736)
(32.8 0.7995126616 -0.02791959736)
(33 0.7995126616 -0.02791959736)
(33.2 0.7995126616 -0.02791959736)
(33.4 0.7995126616 -0.02791959736)
(33.6 0.7995126616 -0.02791959736)
(33.8 0.7995126616 -0.02791959736)
(34 0.7995126616 -0.02791959736)
(34.2 0.7995126616 -0.02791959736)
(34.4 0.7995126616 -0.02791959736)
(34.6 0.7995126616 -0.02791959736)
(34.8 0.7995126616 -0.02791959736)
(35 0.7995126616 -0.02791959736)
(35.2 0.7995126616 -0.02791959736)
(35.4 0.7995126616 -0.02791959736)
(35.6 0.7995126616 -0.02791959736)
(35.8 0.7995126616 -0.02791959736)
(36 0.7995126616 -0.02791959736)
(36.2 0.7995126616 -0.02791959736)
(36.4 0.7995126616 -0.02791959736)
(36.6 0.7995126616 -0.02791959736)
(36.8 0.7995126616 -0.02791959736)
(37 0.7995126616 -0.02791959736)
(37.2 0.7995126616 -0.02791959736)
(37.4 0.7995126616 -0.02791959736)
(37.6 0.7995126616 -0.02791959736)
(37.8 0.7995126616 -0.02791959736)
(38 0.7995126616 -0.02791959736)
(38.2 0.7995126616 -0.02791959736)
(38.4 0.7995126616 -0.02791959736)
(38.6 0.7995126616 -0.02791959736)
(38.8 0.7995126616 -0.02791959736)
(39 0.7995126616 -0.02791959736)
(39.2 0.7995126616 -0.02791959736)
(39.4 0.7995126616 -0.02791959736)
(39.6 0.7995126616 -0.02791959736)
(39.8 0.7995126616 -0.02791959736)
(40 0.7995126616 -0.02791959736)
(40.2 0.7995126616 -0.02791959736)
(40.4 0.7995126616 -0.02791959736)
(40.6 0.7995126616 -0.02791959736)
(40.8 0.7995126616 -0.02791959736)
(41 0.7995126616 -0.02791959736)
(41.2 0.7995126616 -0.02791959736)
(41.4 0.7995126616 -0.02791959736)
(41.6 0.7995126616 -0.02791959736)
(41.8 0.7995126616 -0.02791959736)
(42 0.7995126616 -0.02791959736)
(27.2 0.999390827 -0.0348994967)
(27.4 0.999390827 -0.0348994967)
(27.6 0.999390827 -0.0348994967)
(27.8 0.999390827 -0.0348994967)
(28 0.999390827 -0.0348994967)
(28.2 0.999390827 -0.0348994967)
(28.4 0.999390827 -0.0348994967)
(28.6 0.999390827 -0.0348994967)
(28.8 0.999390827 -0.0348994967)
(29 0.999390827 -0.0348994967)
(29.2 0.999390827 -0.0348994967)
(29.4 0.999390827 -0.0348994967)
(29.6 0.999390827 -0.0348994967)
(29.8 0.999390827 -0.0348994967)
(30 0.999390827 -0.0348994967)
(30.2 0.999390827 -0.0348994967)
(30.4 0.999390827 -0.0348994967)
(30.6 0.999390827 -0.0348994967)
(30.8 0.999390827 -0.0348994967)
(31 0.999390827 -0.0348994967)
(31.2 0.999390827 -0.0348994967)
(31.4 0.999390827 -0.0348994967)
(31.6 0.999390827 -0.0348994967)
(31.8 0.999390827 -0.0348994967)
(32 0.999390827 -0.0348994967)
(32.2 0.999390827 -0.0348994967)
(32.4 0.999390827 -0.0348994967)
(32.6 0.999390827 -0.0348994967)
(32.8 0.999390827 -0.0348994967)
(33 0.999390827 -0.0348994967)
(33.2 0.999390827 -0.0348994967)
(33.4 0.999390827 -0.0348994967)
(33.6 0.999390827 -0.0348994967)
(33.8 0.999390827 -0.0348994967)
(34 0.999390827 -0.0348994967)
(34.2 0.999390827 -0.0348994967)
(34.4 0.999390827 -0.0348994967)
(34.6 0.999390827 -0.0348994967)
(34.8 0.999390827 -0.0348994967)
(35 0.999390827 -0.0348994967)
(35.2 0.999390827 -0.0348994967)
(35.4 0.999390827 -0.0348994967)
(35.6 0.999390827 -0.0348994967)
(35.8 0.999390827 -0.0348994967)
(36 0.999390827 -0.0348994967)
(36.2 0.999390827 -0.0348994967)
(36.4 0.999390827 -0.0348994967)
(36.6 0.999390827 -0.0348994967)
(36.8 0.999390827 -0.0348994967)
(37 0.999390827 -0.0348994967)
(37.2 0.999390827 -0.0348994967)
(37.4 0.999390827 -0.0348994967)
(37.6 0.999390827 -0.0348994967)
(37.8 0.999390827 -0.0348994967)
(38 0.999390827 -0.0348994967)
(38.2 0.999390827 -0.0348994967)
(38.4 0.999390827 -0.0348994967)
(38.6 0.999390827 -0.0348994967)
(38.8 0.999390827 -0.0348994967)
(39 0.999390827 -0.0348994967)
(39.2 0.999390827 -0.0348994967)
(39.4 0.999390827 -0.0348994967)
(39.6 0.999390827 -0.0348994967)
(39.8 0.999390827 -0.0348994967)
(40 0.999390827 -0.0348994967)
(40.2 0.999390827 -0.0348994967)
(40.4 0.999390827 -0.0348994967)
(40.6 0.999390827 -0.0348994967)
(40.8 0.999390827 -0.0348994967)
(41 0.999390827 -0.0348994967)
(41.2 0.999390827 -0.0348994967)
(41.4 0.999390827 -0.0348994967)
(41.6 0.999390827 -0.0348994967)
(41.8 0.999390827 -0.0348994967)
(42 0.999390827 -0.0348994967)
(27.2 0.1998781654 0.00697989934)
(27.4 0.1998781654 0.006979899341)
(27.6 0.1998781654 0.006979899341)
(27.8 0.1998781654 0.006979899341)
(28 0.1998781654 0.006979899341)
(28.2 0.1998781654 0.006979899341)
(28.4 0.1998781654 0.006979899341)
(28.6 0.1998781654 0.006979899341)
(28.8 0.1998781654 0.006979899341)
(29 0.1998781654 0.006979899341)
(29.2 0.1998781654 0.006979899341)
(29.4 0.1998781654 0.006979899341)
(29.6 0.1998781654 0.006979899341)
(29.8 0.1998781654 0.006979899341)
(30 0.1998781654 0.006979899341)
(30.2 0.1998781654 0.006979899341)
(30.4 0.1998781654 0.006979899341)
(30.6 0.1998781654 0.006979899341)
(30.8 0.1998781654 0.00697989934)
(31 0.1998781654 0.00697989934)
(31.2 0.1998781654 0.006979899341)
(31.4 0.1998781654 0.006979899341)
(31.6 0.1998781654 0.006979899341)
(31.8 0.1998781654 0.006979899341)
(32 0.1998781654 0.006979899341)
(32.2 0.1998781654 0.006979899341)
(32.4 0.1998781654 0.006979899341)
(32.6 0.1998781654 0.006979899341)
(32.8 0.1998781654 0.006979899341)
(33 0.1998781654 0.006979899341)
(33.2 0.1998781654 0.006979899341)
(33.4 0.1998781654 0.006979899341)
(33.6 0.1998781654 0.006979899341)
(33.8 0.1998781654 0.006979899341)
(34 0.1998781654 0.006979899341)
(34.2 0.1998781654 0.006979899341)
(34.4 0.1998781654 0.006979899341)
(34.6 0.1998781654 0.006979899341)
(34.8 0.1998781654 0.006979899341)
(35 0.1998781654 0.006979899341)
(35.2 0.1998781654 0.006979899341)
(35.4 0.1998781654 0.006979899341)
(35.6 0.1998781654 0.006979899341)
(35.8 0.1998781654 0.006979899341)
(36 0.1998781654 0.006979899341)
(36.2 0.1998781654 0.006979899341)
(36.4 0.1998781654 0.006979899341)
(36.6 0.1998781654 0.006979899341)
(36.8 0.1998781654 0.006979899341)
(37 0.1998781654 0.006979899341)
(37.2 0.1998781654 0.006979899341)
(37.4 0.1998781654 0.006979899341)
(37.6 0.1998781654 0.006979899341)
(37.8 0.1998781654 0.006979899341)
(38 0.1998781654 0.006979899341)
(38.2 0.1998781654 0.006979899341)
(38.4 0.1998781654 0.006979899341)
(38.6 0.1998781654 0.006979899341)
(38.8 0.1998781654 0.006979899341)
(39 0.1998781654 0.006979899341)
(39.2 0.1998781654 0.006979899341)
(39.4 0.1998781654 0.006979899341)
(39.6 0.1998781654 0.006979899341)
(39.8 0.1998781654 0.006979899341)
(40 0.1998781654 0.006979899341)
(40.2 0.1998781654 0.006979899341)
(40.4 0.1998781654 0.006979899341)
(40.6 0.1998781654 0.006979899341)
(40.8 0.1998781654 0.006979899341)
(41 0.1998781654 0.006979899341)
(41.2 0.1998781654 0.006979899341)
(41.4 0.1998781654 0.006979899341)
(41.6 0.1998781654 0.006979899341)
(41.8 0.1998781654 0.006979899341)
(42 0.1998781654 0.006979899341)
(27.2 0.3997563308 0.01395979868)
(27.4 0.3997563308 0.01395979868)
(27.6 0.3997563308 0.01395979868)
(27.8 0.3997563308 0.01395979868)
(28 0.3997563308 0.01395979868)
(28.2 0.3997563308 0.01395979868)
(28.4 0.3997563308 0.01395979868)
(28.6 0.3997563308 0.01395979868)
(28.8 0.3997563308 0.01395979868)
(29 0.3997563308 0.01395979868)
(29.2 0.3997563308 0.01395979868)
(29.4 0.3997563308 0.01395979868)
(29.6 0.3997563308 0.01395979868)
(29.8 0.3997563308 0.01395979868)
(30 0.3997563308 0.01395979868)
(30.2 0.3997563308 0.01395979868)
(30.4 0.3997563308 0.01395979868)
(30.6 0.3997563308 0.01395979868)
(30.8 0.3997563308 0.01395979868)
(31 0.3997563308 0.01395979868)
(31.2 0.3997563308 0.01395979868)
(31.4 0.3997563308 0.01395979868)
(31.6 0.3997563308 0.01395979868)
(31.8 0.3997563308 0.01395979868)
(32 0.3997563308 0.01395979868)
(32.2 0.3997563308 0.01395979868)
(32.4 0.3997563308 0.01395979868)
(32.6 0.3997563308 0.01395979868)
(32.8 0.3997563308 0.01395979868)
(33 0.3997563308 0.01395979868)
(33.2 0.3997563308 0.01395979868)
(33.4 0.3997563308 0.01395979868)
(33.6 0.3997563308 0.01395979868)
(33.8 0.3997563308 0.01395979868)
(34 0.3997563308 0.01395979868)
(34.2 0.3997563308 0.01395979868)
(34.4 0.3997563308 0.01395979868)
(34.6 0.3997563308 0.01395979868)
(34.8 0.3997563308 0.01395979868)
(35 0.3997563308 0.01395979868)
(35.2 0.3997563308 0.01395979868)
(35.4 0.3997563308 0.01395979868)
(35.6 0.3997563308 0.01395979868)
(35.8 0.3997563308 0.01395979868)
(36 0.3997563308 0.01395979868)
(36.2 0.3997563308 0.01395979868)
(36.4 0.3997563308 0.01395979868)
(36.6 0.3997563308 0.01395979868)
(36.8 0.3997563308 0.01395979868)
(37 0.3997563308 0.01395979868)
(37.2 0.3997563308 0.01395979868)
(37.4 0.3997563308 0.01395979868)
(37.6 0.3997563308 0.01395979868)
(37.8 0.3997563308 0.01395979868)
(38 0.3997563308 0.01395979868)
(38.2 0.3997563308 0.01395979868)
(38.4 0.3997563308 0.01395979868)
(38.6 0.3997563308 0.01395979868)
(38.8 0.3997563308 0.01395979868)
(39 0.3997563308 0.01395979868)
(39.2 0.3997563308 0.01395979868)
(39.4 0.3997563308 0.01395979868)
(39.6 0.3997563308 0.01395979868)
(39.8 0.3997563308 0.01395979868)
(40 0.3997563308 0.01395979868)
(40.2 0.3997563308 0.01395979868)
(40.4 0.3997563308 0.01395979868)
(40.6 0.3997563308 0.01395979868)
(40.8 0.3997563308 0.01395979868)
(41 0.3997563308 0.01395979868)
(41.2 0.3997563308 0.01395979868)
(41.4 0.3997563308 0.01395979868)
(41.6 0.3997563308 0.01395979868)
(41.8 0.3997563308 0.01395979868)
(42 0.3997563308 0.01395979868)
(27.2 0.5996344962 0.02093969802)
(27.4 0.5996344962 0.02093969802)
(27.6 0.5996344962 0.02093969802)
(27.8 0.5996344962 0.02093969802)
(28 0.5996344962 0.02093969802)
(28.2 0.5996344962 0.02093969802)
(28.4 0.5996344962 0.02093969802)
(28.6 0.5996344962 0.02093969802)
(28.8 0.5996344962 0.02093969802)
(29 0.5996344962 0.02093969802)
(29.2 0.5996344962 0.02093969802)
(29.4 0.5996344962 0.02093969802)
(29.6 0.5996344962 0.02093969802)
(29.8 0.5996344962 0.02093969802)
(30 0.5996344962 0.02093969802)
(30.2 0.5996344962 0.02093969802)
(30.4 0.5996344962 0.02093969802)
(30.6 0.5996344962 0.02093969802)
(30.8 0.5996344962 0.02093969802)
(31 0.5996344962 0.02093969802)
(31.2 0.5996344962 0.02093969802)
(31.4 0.5996344962 0.02093969802)
(31.6 0.5996344962 0.02093969802)
(31.8 0.5996344962 0.02093969802)
(32 0.5996344962 0.02093969802)
(32.2 0.5996344962 0.02093969802)
(32.4 0.5996344962 0.02093969802)
(32.6 0.5996344962 0.02093969802)
(32.8 0.5996344962 0.02093969802)
(33 0.5996344962 0.02093969802)
(33.2 0.5996344962 0.02093969802)
(33.4 0.5996344962 0.02093969802)
(33.6 0.5996344962 0.02093969802)
(33.8 0.5996344962 0.02093969802)
(34 0.5996344962 0.02093969802)
(34.2 0.5996344962 0.02093969802)
(34.4 0.5996344962 0.02093969802)
(34.6 0.5996344962 0.02093969802)
(34.8 0.5996344962 0.02093969802)
(35 0.5996344962 0.02093969802)
(35.2 0.5996344962 0.02093969802)
(35.4 0.5996344962 0.02093969802)
(35.6 0.5996344962 0.02093969802)
(35.8 0.5996344962 0.02093969802)
(36 0.5996344962 0.02093969802)
(36.2 0.5996344962 0.02093969802)
(36.4 0.5996344962 0.02093969802)
(36.6 0.5996344962 0.02093969802)
(36.8 0.5996344962 0.02093969802)
(37 0.5996344962 0.02093969802)
(37.2 0.5996344962 0.02093969802)
(37.4 0.5996344962 0.02093969802)
(37.6 0.5996344962 0.02093969802)
(37.8 0.5996344962 0.02093969802)
(38 0.5996344962 0.02093969802)
(38.2 0.5996344962 0.02093969802)
(38.4 0.5996344962 0.02093969802)
(38.6 0.5996344962 0.02093969802)
(38.8 0.5996344962 0.02093969802)
(39 0.5996344962 0.02093969802)
(39.2 0.5996344962 0.02093969802)
(39.4 0.5996344962 0.02093969802)
(39.6 0.5996344962 0.02093969802)
(39.8 0.5996344962 0.02093969802)
(40 0.5996344962 0.02093969802)
(40.2 0.5996344962 0.02093969802)
(40.4 0.5996344962 0.02093969802)
(40.6 0.5996344962 0.02093969802)
(40.8 0.5996344962 0.02093969802)
(41 0.5996344962 0.02093969802)
(41.2 0.5996344962 0.02093969802)
(41.4 0.5996344962 0.02093969802)
(41.6 0.5996344962 0.02093969802)
(41.8 0.5996344962 0.02093969802)
(42 0.5996344962 0.02093969802)
(27.2 0.7995126616 0.02791959736)
(27.4 0.7995126616 0.02791959736)
(27.6 0.7995126616 0.02791959736)
(27.8 0.7995126616 0.02791959736)
(28 0.7995126616 0.02791959736)
(28.2 0.7995126616 0.02791959736)
(28.4 0.7995126616 0.02791959736)
(28.6 0.7995126616 0.02791959736)
(28.8 0.7995126616 0.02791959736)
(29 0.7995126616 0.02791959736)
(29.2 0.7995126616 0.02791959736)
(29.4 0.7995126616 0.02791959736)
(29.6 0.7995126616 0.02791959736)
(29.8 0.7995126616 0.02791959736)
(30 0.7995126616 0.02791959736)
(30.2 0.7995126616 0.02791959736)
(30.4 0.7995126616 0.02791959736)
(30.6 0.7995126616 0.02791959736)
(30.8 0.7995126616 0.02791959736)
(31 0.7995126616 0.02791959736)
(31.2 0.7995126616 0.02791959736)
(31.4 0.7995126616 0.02791959736)
(31.6 0.7995126616 0.02791959736)
(31.8 0.7995126616 0.02791959736)
(32 0.7995126616 0.02791959736)
(32.2 0.7995126616 0.02791959736)
(32.4 0.7995126616 0.02791959736)
(32.6 0.7995126616 0.02791959736)
(32.8 0.7995126616 0.02791959736)
(33 0.7995126616 0.02791959736)
(33.2 0.7995126616 0.02791959736)
(33.4 0.7995126616 0.02791959736)
(33.6 0.7995126616 0.02791959736)
(33.8 0.7995126616 0.02791959736)
(34 0.7995126616 0.02791959736)
(34.2 0.7995126616 0.02791959736)
(34.4 0.7995126616 0.02791959736)
(34.6 0.7995126616 0.02791959736)
(34.8 0.7995126616 0.02791959736)
(35 0.7995126616 0.02791959736)
(35.2 0.7995126616 0.02791959736)
(35.4 0.7995126616 0.02791959736)
(35.6 0.7995126616 0.02791959736)
(35.8 0.7995126616 0.02791959736)
(36 0.7995126616 0.02791959736)
(36.2 0.7995126616 0.02791959736)
(36.4 0.7995126616 0.02791959736)
(36.6 0.7995126616 0.02791959736)
(36.8 0.7995126616 0.02791959736)
(37 0.7995126616 0.02791959736)
(37.2 0.7995126616 0.02791959736)
(37.4 0.7995126616 0.02791959736)
(37.6 0.7995126616 0.02791959736)
(37.8 0.7995126616 0.02791959736)
(38 0.7995126616 0.02791959736)
(38.2 0.7995126616 0.02791959736)
(38.4 0.7995126616 0.02791959736)
(38.6 0.7995126616 0.02791959736)
(38.8 0.7995126616 0.02791959736)
(39 0.7995126616 0.02791959736)
(39.2 0.7995126616 0.02791959736)
(39.4 0.7995126616 0.02791959736)
(39.6 0.7995126616 0.02791959736)
(39.8 0.7995126616 0.02791959736)
(40 0.7995126616 0.02791959736)
(40.2 0.7995126616 0.02791959736)
(40.4 0.7995126616 0.02791959736)
(40.6 0.7995126616 0.02791959736)
(40.8 0.7995126616 0.02791959736)
(41 0.7995126616 0.02791959736)
(41.2 0.7995126616 0.02791959736)
(41.4 0.7995126616 0.02791959736)
(41.6 0.7995126616 0.02791959736)
(41.8 0.7995126616 0.02791959736)
(42 0.7995126616 0.02791959736)
(27.2 0.999390827 0.0348994967)
(27.4 0.999390827 0.0348994967)
(27.6 0.999390827 0.0348994967)
(27.8 0.999390827 0.0348994967)
(28 0.999390827 0.0348994967)
(28.2 0.999390827 0.0348994967)
(28.4 0.999390827 0.0348994967)
(28.6 0.999390827 0.0348994967)
(28.8 0.999390827 0.0348994967)
(29 0.999390827 0.0348994967)
(29.2 0.999390827 0.0348994967)
(29.4 0.999390827 0.0348994967)
(29.6 0.999390827 0.0348994967)
(29.8 0.999390827 0.0348994967)
(30 0.999390827 0.0348994967)
(30.2 0.999390827 0.0348994967)
(30.4 0.999390827 0.0348994967)
(30.6 0.999390827 0.0348994967)
(30.8 0.999390827 0.0348994967)
(31 0.999390827 0.0348994967)
(31.2 0.999390827 0.0348994967)
(31.4 0.999390827 0.0348994967)
(31.6 0.999390827 0.0348994967)
(31.8 0.999390827 0.0348994967)
(32 0.999390827 0.0348994967)
(32.2 0.999390827 0.0348994967)
(32.4 0.999390827 0.0348994967)
(32.6 0.999390827 0.0348994967)
(32.8 0.999390827 0.0348994967)
(33 0.999390827 0.0348994967)
(33.2 0.999390827 0.0348994967)
(33.4 0.999390827 0.0348994967)
(33.6 0.999390827 0.0348994967)
(33.8 0.999390827 0.0348994967)
(34 0.999390827 0.0348994967)
(34.2 0.999390827 0.0348994967)
(34.4 0.999390827 0.0348994967)
(34.6 0.999390827 0.0348994967)
(34.8 0.999390827 0.0348994967)
(35 0.999390827 0.0348994967)
(35.2 0.999390827 0.0348994967)
(35.4 0.999390827 0.0348994967)
(35.6 0.999390827 0.0348994967)
(35.8 0.999390827 0.0348994967)
(36 0.999390827 0.0348994967)
(36.2 0.999390827 0.0348994967)
(36.4 0.999390827 0.0348994967)
(36.6 0.999390827 0.0348994967)
(36.8 0.999390827 0.0348994967)
(37 0.999390827 0.0348994967)
(37.2 0.999390827 0.0348994967)
(37.4 0.999390827 0.0348994967)
(37.6 0.999390827 0.0348994967)
(37.8 0.999390827 0.0348994967)
(38 0.999390827 0.0348994967)
(38.2 0.999390827 0.0348994967)
(38.4 0.999390827 0.0348994967)
(38.6 0.999390827 0.0348994967)
(38.8 0.999390827 0.0348994967)
(39 0.999390827 0.0348994967)
(39.2 0.999390827 0.0348994967)
(39.4 0.999390827 0.0348994967)
(39.6 0.999390827 0.0348994967)
(39.8 0.999390827 0.0348994967)
(40 0.999390827 0.0348994967)
(40.2 0.999390827 0.0348994967)
(40.4 0.999390827 0.0348994967)
(40.6 0.999390827 0.0348994967)
(40.8 0.999390827 0.0348994967)
(41 0.999390827 0.0348994967)
(41.2 0.999390827 0.0348994967)
(41.4 0.999390827 0.0348994967)
(41.6 0.999390827 0.0348994967)
(41.8 0.999390827 0.0348994967)
(42 0.999390827 0.0348994967)
(15 1.199268992 -0.04187939604)
(15.2 1.199268992 -0.04187939604)
(15.4 1.199268992 -0.04187939604)
(15.6 1.199268992 -0.04187939604)
(15.8 1.199268992 -0.04187939604)
(16 1.199268992 -0.04187939604)
(16.2 1.199268992 -0.04187939604)
(16.4 1.199268992 -0.04187939604)
(16.6 1.199268992 -0.04187939604)
(16.8 1.199268992 -0.04187939604)
(17 1.199268992 -0.04187939604)
(17.2 1.199268992 -0.04187939604)
(17.4 1.199268992 -0.04187939604)
(17.6 1.199268992 -0.04187939604)
(17.8 1.199268992 -0.04187939604)
(18 1.199268992 -0.04187939604)
(18.2 1.199268992 -0.04187939604)
(18.4 1.199268992 -0.04187939604)
(18.6 1.199268992 -0.04187939604)
(18.8 1.199268992 -0.04187939604)
(19 1.199268992 -0.04187939604)
(19.2 1.199268992 -0.04187939604)
(19.4 1.199268992 -0.04187939604)
(19.6 1.199268992 -0.04187939604)
(19.8 1.199268992 -0.04187939604)
(20 1.199268992 -0.04187939604)
(20.2 1.199268992 -0.04187939604)
(20.4 1.199268992 -0.04187939604)
(20.6 1.199268992 -0.04187939604)
(20.8 1.199268992 -0.04187939604)
(21 1.199268992 -0.04187939604)
(21.2 1.199268992 -0.04187939604)
(21.4 1.199268992 -0.04187939604)
(21.6 1.199268992 -0.04187939604)
(21.8 1.199268992 -0.04187939604)
(22 1.199268992 -0.04187939604)
(22.2 1.199268992 -0.04187939604)
(22.4 1.199268992 -0.04187939604)
(22.6 1.199268992 -0.04187939604)
(22.8 1.199268992 -0.04187939604)
(23 1.199268992 -0.04187939604)
(23.2 1.199268992 -0.04187939604)
(23.4 1.199268992 -0.04187939604)
(23.6 1.199268992 -0.04187939604)
(23.8 1.199268992 -0.04187939604)
(24 1.199268992 -0.04187939604)
(24.2 1.199268992 -0.04187939604)
(24.4 1.199268992 -0.04187939604)
(24.6 1.199268992 -0.04187939604)
(24.8 1.199268992 -0.04187939604)
(25 1.199268992 -0.04187939604)
(25.2 1.199268992 -0.04187939604)
(25.4 1.199268992 -0.04187939604)
(25.6 1.199268992 -0.04187939604)
(25.8 1.199268992 -0.04187939604)
(26 1.199268992 -0.04187939604)
(26.2 1.199268992 -0.04187939604)
(26.4 1.199268992 -0.04187939604)
(26.6 1.199268992 -0.04187939604)
(26.8 1.199268992 -0.04187939604)
(27 1.199268992 -0.04187939604)
(15 1.399147158 -0.04885929538)
(15.2 1.399147158 -0.04885929538)
(15.4 1.399147158 -0.04885929538)
(15.6 1.399147158 -0.04885929538)
(15.8 1.399147158 -0.04885929538)
(16 1.399147158 -0.04885929538)
(16.2 1.399147158 -0.04885929538)
(16.4 1.399147158 -0.04885929538)
(16.6 1.399147158 -0.04885929538)
(16.8 1.399147158 -0.04885929538)
(17 1.399147158 -0.04885929538)
(17.2 1.399147158 -0.04885929538)
(17.4 1.399147158 -0.04885929538)
(17.6 1.399147158 -0.04885929538)
(17.8 1.399147158 -0.04885929538)
(18 1.399147158 -0.04885929538)
(18.2 1.399147158 -0.04885929538)
(18.4 1.399147158 -0.04885929538)
(18.6 1.399147158 -0.04885929538)
(18.8 1.399147158 -0.04885929538)
(19 1.399147158 -0.04885929538)
(19.2 1.399147158 -0.04885929538)
(19.4 1.399147158 -0.04885929538)
(19.6 1.399147158 -0.04885929538)
(19.8 1.399147158 -0.04885929538)
(20 1.399147158 -0.04885929538)
(20.2 1.399147158 -0.04885929538)
(20.4 1.399147158 -0.04885929538)
(20.6 1.399147158 -0.04885929538)
(20.8 1.399147158 -0.04885929538)
(21 1.399147158 -0.04885929538)
(21.2 1.399147158 -0.04885929538)
(21.4 1.399147158 -0.04885929538)
(21.6 1.399147158 -0.04885929538)
(21.8 1.399147158 -0.04885929538)
(22 1.399147158 -0.04885929538)
(22.2 1.399147158 -0.04885929538)
(22.4 1.399147158 -0.04885929538)
(22.6 1.399147158 -0.04885929538)
(22.8 1.399147158 -0.04885929538)
(23 1.399147158 -0.04885929538)
(23.2 1.399147158 -0.04885929538)
(23.4 1.399147158 -0.04885929538)
(23.6 1.399147158 -0.04885929538)
(23.8 1.399147158 -0.04885929538)
(24 1.399147158 -0.04885929538)
(24.2 1.399147158 -0.04885929538)
(24.4 1.399147158 -0.04885929538)
(24.6 1.399147158 -0.04885929538)
(24.8 1.399147158 -0.04885929538)
(25 1.399147158 -0.04885929538)
(25.2 1.399147158 -0.04885929538)
(25.4 1.399147158 -0.04885929538)
(25.6 1.399147158 -0.04885929538)
(25.8 1.399147158 -0.04885929538)
(26 1.399147158 -0.04885929538)
(26.2 1.399147158 -0.04885929538)
(26.4 1.399147158 -0.04885929538)
(26.6 1.399147158 -0.04885929538)
(26.8 1.399147158 -0.04885929538)
(27 1.399147158 -0.04885929538)
(15 1.599025323 -0.05583919472)
(15.2 1.599025323 -0.05583919472)
(15.4 1.599025323 -0.05583919472)
(15.6 1.599025323 -0.05583919472)
(15.8 1.599025323 -0.05583919472)
(16 1.599025323 -0.05583919472)
(16.2 1.599025323 -0.05583919472)
(16.4 1.599025323 -0.05583919472)
(16.6 1.599025323 -0.05583919472)
(16.8 1.599025323 -0.05583919472)
(17 1.599025323 -0.05583919472)
(17.2 1.599025323 -0.05583919472)
(17.4 1.599025323 -0.05583919472)
(17.6 1.599025323 -0.05583919472)
(17.8 1.599025323 -0.05583919472)
(18 1.599025323 -0.05583919472)
(18.2 1.599025323 -0.05583919472)
(18.4 1.599025323 -0.05583919472)
(18.6 1.599025323 -0.05583919472)
(18.8 1.599025323 -0.05583919472)
(19 1.599025323 -0.05583919472)
(19.2 1.599025323 -0.05583919472)
(19.4 1.599025323 -0.05583919472)
(19.6 1.599025323 -0.05583919472)
(19.8 1.599025323 -0.05583919472)
(20 1.599025323 -0.05583919472)
(20.2 1.599025323 -0.05583919472)
(20.4 1.599025323 -0.05583919472)
(20.6 1.599025323 -0.05583919472)
(20.8 1.599025323 -0.05583919472)
(21 1.599025323 -0.05583919472)
(21.2 1.599025323 -0.05583919472)
(21.4 1.599025323 -0.05583919472)
(21.6 1.599025323 -0.05583919472)
(21.8 1.599025323 -0.05583919472)
(22 1.599025323 -0.05583919472)
(22.2 1.599025323 -0.05583919472)
(22.4 1.599025323 -0.05583919472)
(22.6 1.599025323 -0.05583919472)
(22.8 1.599025323 -0.05583919472)
(23 1.599025323 -0.05583919472)
(23.2 1.599025323 -0.05583919472)
(23.4 1.599025323 -0.05583919472)
(23.6 1.599025323 -0.05583919472)
(23.8 1.599025323 -0.05583919472)
(24 1.599025323 -0.05583919472)
(24.2 1.599025323 -0.05583919472)
(24.4 1.599025323 -0.05583919472)
(24.6 1.599025323 -0.05583919472)
(24.8 1.599025323 -0.05583919472)
(25 1.599025323 -0.05583919472)
(25.2 1.599025323 -0.05583919472)
(25.4 1.599025323 -0.05583919472)
(25.6 1.599025323 -0.05583919472)
(25.8 1.599025323 -0.05583919472)
(26 1.599025323 -0.05583919472)
(26.2 1.599025323 -0.05583919472)
(26.4 1.599025323 -0.05583919472)
(26.6 1.599025323 -0.05583919472)
(26.8 1.599025323 -0.05583919472)
(27 1.599025323 -0.05583919472)
(15 1.798903489 -0.06281909406)
(15.2 1.798903489 -0.06281909406)
(15.4 1.798903489 -0.06281909406)
(15.6 1.798903489 -0.06281909406)
(15.8 1.798903489 -0.06281909406)
(16 1.798903489 -0.06281909406)
(16.2 1.798903489 -0.06281909406)
(16.4 1.798903489 -0.06281909406)
(16.6 1.798903489 -0.06281909406)
(16.8 1.798903489 -0.06281909406)
(17 1.798903489 -0.06281909406)
(17.2 1.798903489 -0.06281909406)
(17.4 1.798903489 -0.06281909406)
(17.6 1.798903489 -0.06281909406)
(17.8 1.798903489 -0.06281909406)
(18 1.798903489 -0.06281909406)
(18.2 1.798903489 -0.06281909406)
(18.4 1.798903489 -0.06281909406)
(18.6 1.798903489 -0.06281909406)
(18.8 1.798903489 -0.06281909406)
(19 1.798903489 -0.06281909406)
(19.2 1.798903489 -0.06281909406)
(19.4 1.798903489 -0.06281909406)
(19.6 1.798903489 -0.06281909406)
(19.8 1.798903489 -0.06281909406)
(20 1.798903489 -0.06281909406)
(20.2 1.798903489 -0.06281909406)
(20.4 1.798903489 -0.06281909406)
(20.6 1.798903489 -0.06281909406)
(20.8 1.798903489 -0.06281909406)
(21 1.798903489 -0.06281909406)
(21.2 1.798903489 -0.06281909406)
(21.4 1.798903489 -0.06281909406)
(21.6 1.798903489 -0.06281909406)
(21.8 1.798903489 -0.06281909406)
(22 1.798903489 -0.06281909406)
(22.2 1.798903489 -0.06281909406)
(22.4 1.798903489 -0.06281909406)
(22.6 1.798903489 -0.06281909406)
(22.8 1.798903489 -0.06281909406)
(23 1.798903489 -0.06281909406)
(23.2 1.798903489 -0.06281909406)
(23.4 1.798903489 -0.06281909406)
(23.6 1.798903489 -0.06281909406)
(23.8 1.798903489 -0.06281909406)
(24 1.798903489 -0.06281909406)
(24.2 1.798903489 -0.06281909406)
(24.4 1.798903489 -0.06281909406)
(24.6 1.798903489 -0.06281909406)
(24.8 1.798903489 -0.06281909406)
(25 1.798903489 -0.06281909406)
(25.2 1.798903489 -0.06281909406)
(25.4 1.798903489 -0.06281909406)
(25.6 1.798903489 -0.06281909406)
(25.8 1.798903489 -0.06281909406)
(26 1.798903489 -0.06281909406)
(26.2 1.798903489 -0.06281909406)
(26.4 1.798903489 -0.06281909406)
(26.6 1.798903489 -0.06281909406)
(26.8 1.798903489 -0.06281909406)
(27 1.798903489 -0.06281909406)
(15 1.998781654 -0.06979899341)
(15.2 1.998781654 -0.06979899341)
(15.4 1.998781654 -0.06979899341)
(15.6 1.998781654 -0.06979899341)
(15.8 1.998781654 -0.06979899341)
(16 1.998781654 -0.06979899341)
(16.2 1.998781654 -0.06979899341)
(16.4 1.998781654 -0.06979899341)
(16.6 1.998781654 -0.06979899341)
(16.8 1.998781654 -0.06979899341)
(17 1.998781654 -0.06979899341)
(17.2 1.998781654 -0.06979899341)
(17.4 1.998781654 -0.06979899341)
(17.6 1.998781654 -0.06979899341)
(17.8 1.998781654 -0.06979899341)
(18 1.998781654 -0.06979899341)
(18.2 1.998781654 -0.06979899341)
(18.4 1.998781654 -0.06979899341)
(18.6 1.998781654 -0.06979899341)
(18.8 1.998781654 -0.06979899341)
(19 1.998781654 -0.06979899341)
(19.2 1.998781654 -0.06979899341)
(19.4 1.998781654 -0.06979899341)
(19.6 1.998781654 -0.06979899341)
(19.8 1.998781654 -0.06979899341)
(20 1.998781654 -0.06979899341)
(20.2 1.998781654 -0.06979899341)
(20.4 1.998781654 -0.06979899341)
(20.6 1.998781654 -0.06979899341)
(20.8 1.998781654 -0.06979899341)
(21 1.998781654 -0.06979899341)
(21.2 1.998781654 -0.06979899341)
(21.4 1.998781654 -0.06979899341)
(21.6 1.998781654 -0.06979899341)
(21.8 1.998781654 -0.06979899341)
(22 1.998781654 -0.06979899341)
(22.2 1.998781654 -0.06979899341)
(22.4 1.998781654 -0.06979899341)
(22.6 1.998781654 -0.06979899341)
(22.8 1.998781654 -0.06979899341)
(23 1.998781654 -0.06979899341)
(23.2 1.998781654 -0.06979899341)
(23.4 1.998781654 -0.06979899341)
(23.6 1.998781654 -0.06979899341)
(23.8 1.998781654 -0.06979899341)
(24 1.998781654 -0.06979899341)
(24.2 1.998781654 -0.06979899341)
(24.4 1.998781654 -0.06979899341)
(24.6 1.998781654 -0.06979899341)
(24.8 1.998781654 -0.06979899341)
(25 1.998781654 -0.06979899341)
(25.2 1.998781654 -0.06979899341)
(25.4 1.998781654 -0.06979899341)
(25.6 1.998781654 -0.06979899341)
(25.8 1.998781654 -0.06979899341)
(26 1.998781654 -0.06979899341)
(26.2 1.998781654 -0.06979899341)
(26.4 1.998781654 -0.06979899341)
(26.6 1.998781654 -0.06979899341)
(26.8 1.998781654 -0.06979899341)
(27 1.998781654 -0.06979899341)
(15 1.199268992 0.04187939604)
(15.2 1.199268992 0.04187939604)
(15.4 1.199268992 0.04187939604)
(15.6 1.199268992 0.04187939604)
(15.8 1.199268992 0.04187939604)
(16 1.199268992 0.04187939604)
(16.2 1.199268992 0.04187939604)
(16.4 1.199268992 0.04187939604)
(16.6 1.199268992 0.04187939604)
(16.8 1.199268992 0.04187939604)
(17 1.199268992 0.04187939604)
(17.2 1.199268992 0.04187939604)
(17.4 1.199268992 0.04187939604)
(17.6 1.199268992 0.04187939604)
(17.8 1.199268992 0.04187939604)
(18 1.199268992 0.04187939604)
(18.2 1.199268992 0.04187939604)
(18.4 1.199268992 0.04187939604)
(18.6 1.199268992 0.04187939604)
(18.8 1.199268992 0.04187939604)
(19 1.199268992 0.04187939604)
(19.2 1.199268992 0.04187939604)
(19.4 1.199268992 0.04187939604)
(19.6 1.199268992 0.04187939604)
(19.8 1.199268992 0.04187939604)
(20 1.199268992 0.04187939604)
(20.2 1.199268992 0.04187939604)
(20.4 1.199268992 0.04187939604)
(20.6 1.199268992 0.04187939604)
(20.8 1.199268992 0.04187939604)
(21 1.199268992 0.04187939604)
(21.2 1.199268992 0.04187939604)
(21.4 1.199268992 0.04187939604)
(21.6 1.199268992 0.04187939604)
(21.8 1.199268992 0.04187939604)
(22 1.199268992 0.04187939604)
(22.2 1.199268992 0.04187939604)
(22.4 1.199268992 0.04187939604)
(22.6 1.199268992 0.04187939604)
(22.8 1.199268992 0.04187939604)
(23 1.199268992 0.04187939604)
(23.2 1.199268992 0.04187939604)
(23.4 1.199268992 0.04187939604)
(23.6 1.199268992 0.04187939604)
(23.8 1.199268992 0.04187939604)
(24 1.199268992 0.04187939604)
(24.2 1.199268992 0.04187939604)
(24.4 1.199268992 0.04187939604)
(24.6 1.199268992 0.04187939604)
(24.8 1.199268992 0.04187939604)
(25 1.199268992 0.04187939604)
(25.2 1.199268992 0.04187939604)
(25.4 1.199268992 0.04187939604)
(25.6 1.199268992 0.04187939604)
(25.8 1.199268992 0.04187939604)
(26 1.199268992 0.04187939604)
(26.2 1.199268992 0.04187939604)
(26.4 1.199268992 0.04187939604)
(26.6 1.199268992 0.04187939604)
(26.8 1.199268992 0.04187939604)
(27 1.199268992 0.04187939604)
(15 1.399147158 0.04885929538)
(15.2 1.399147158 0.04885929538)
(15.4 1.399147158 0.04885929538)
(15.6 1.399147158 0.04885929538)
(15.8 1.399147158 0.04885929538)
(16 1.399147158 0.04885929538)
(16.2 1.399147158 0.04885929538)
(16.4 1.399147158 0.04885929538)
(16.6 1.399147158 0.04885929538)
(16.8 1.399147158 0.04885929538)
(17 1.399147158 0.04885929538)
(17.2 1.399147158 0.04885929538)
(17.4 1.399147158 0.04885929538)
(17.6 1.399147158 0.04885929538)
(17.8 1.399147158 0.04885929538)
(18 1.399147158 0.04885929538)
(18.2 1.399147158 0.04885929538)
(18.4 1.399147158 0.04885929538)
(18.6 1.399147158 0.04885929538)
(18.8 1.399147158 0.04885929538)
(19 1.399147158 0.04885929538)
(19.2 1.399147158 0.04885929538)
(19.4 1.399147158 0.04885929538)
(19.6 1.399147158 0.04885929538)
(19.8 1.399147158 0.04885929538)
(20 1.399147158 0.04885929538)
(20.2 1.399147158 0.04885929538)
(20.4 1.399147158 0.04885929538)
(20.6 1.399147158 0.04885929538)
(20.8 1.399147158 0.04885929538)
(21 1.399147158 0.04885929538)
(21.2 1.399147158 0.04885929538)
(21.4 1.399147158 0.04885929538)
(21.6 1.399147158 0.04885929538)
(21.8 1.399147158 0.04885929538)
(22 1.399147158 0.04885929538)
(22.2 1.399147158 0.04885929538)
(22.4 1.399147158 0.04885929538)
(22.6 1.399147158 0.04885929538)
(22.8 1.399147158 0.04885929538)
(23 1.399147158 0.04885929538)
(23.2 1.399147158 0.04885929538)
(23.4 1.399147158 0.04885929538)
(23.6 1.399147158 0.04885929538)
(23.8 1.399147158 0.04885929538)
(24 1.399147158 0.04885929538)
(24.2 1.399147158 0.04885929538)
(24.4 1.399147158 0.04885929538)
(24.6 1.399147158 0.04885929538)
(24.8 1.399147158 0.04885929538)
(25 1.399147158 0.04885929538)
(25.2 1.399147158 0.04885929538)
(25.4 1.399147158 0.04885929538)
(25.6 1.399147158 0.04885929538)
(25.8 1.399147158 0.04885929538)
(26 1.399147158 0.04885929538)
(26.2 1.399147158 0.04885929538)
(26.4 1.399147158 0.04885929538)
(26.6 1.399147158 0.04885929538)
(26.8 1.399147158 0.04885929538)
(27 1.399147158 0.04885929538)
(15 1.599025323 0.05583919472)
(15.2 1.599025323 0.05583919472)
(15.4 1.599025323 0.05583919472)
(15.6 1.599025323 0.05583919472)
(15.8 1.599025323 0.05583919472)
(16 1.599025323 0.05583919472)
(16.2 1.599025323 0.05583919472)
(16.4 1.599025323 0.05583919472)
(16.6 1.599025323 0.05583919472)
(16.8 1.599025323 0.05583919472)
(17 1.599025323 0.05583919472)
(17.2 1.599025323 0.05583919472)
(17.4 1.599025323 0.05583919472)
(17.6 1.599025323 0.05583919472)
(17.8 1.599025323 0.05583919472)
(18 1.599025323 0.05583919472)
(18.2 1.599025323 0.05583919472)
(18.4 1.599025323 0.05583919472)
(18.6 1.599025323 0.05583919472)
(18.8 1.599025323 0.05583919472)
(19 1.599025323 0.05583919472)
(19.2 1.599025323 0.05583919472)
(19.4 1.599025323 0.05583919472)
(19.6 1.599025323 0.05583919472)
(19.8 1.599025323 0.05583919472)
(20 1.599025323 0.05583919472)
(20.2 1.599025323 0.05583919472)
(20.4 1.599025323 0.05583919472)
(20.6 1.599025323 0.05583919472)
(20.8 1.599025323 0.05583919472)
(21 1.599025323 0.05583919472)
(21.2 1.599025323 0.05583919472)
(21.4 1.599025323 0.05583919472)
(21.6 1.599025323 0.05583919472)
(21.8 1.599025323 0.05583919472)
(22 1.599025323 0.05583919472)
(22.2 1.599025323 0.05583919472)
(22.4 1.599025323 0.05583919472)
(22.6 1.599025323 0.05583919472)
(22.8 1.599025323 0.05583919472)
(23 1.599025323 0.05583919472)
(23.2 1.599025323 0.05583919472)
(23.4 1.599025323 0.05583919472)
(23.6 1.599025323 0.05583919472)
(23.8 1.599025323 0.05583919472)
(24 1.599025323 0.05583919472)
(24.2 1.599025323 0.05583919472)
(24.4 1.599025323 0.05583919472)
(24.6 1.599025323 0.05583919472)
(24.8 1.599025323 0.05583919472)
(25 1.599025323 0.05583919472)
(25.2 1.599025323 0.05583919472)
(25.4 1.599025323 0.05583919472)
(25.6 1.599025323 0.05583919472)
(25.8 1.599025323 0.05583919472)
(26 1.599025323 0.05583919472)
(26.2 1.599025323 0.05583919472)
(26.4 1.599025323 0.05583919472)
(26.6 1.599025323 0.05583919472)
(26.8 1.599025323 0.05583919472)
(27 1.599025323 0.05583919472)
(15 1.798903489 0.06281909406)
(15.2 1.798903489 0.06281909406)
(15.4 1.798903489 0.06281909406)
(15.6 1.798903489 0.06281909406)
(15.8 1.798903489 0.06281909406)
(16 1.798903489 0.06281909406)
(16.2 1.798903489 0.06281909406)
(16.4 1.798903489 0.06281909406)
(16.6 1.798903489 0.06281909406)
(16.8 1.798903489 0.06281909406)
(17 1.798903489 0.06281909406)
(17.2 1.798903489 0.06281909406)
(17.4 1.798903489 0.06281909406)
(17.6 1.798903489 0.06281909406)
(17.8 1.798903489 0.06281909406)
(18 1.798903489 0.06281909406)
(18.2 1.798903489 0.06281909406)
(18.4 1.798903489 0.06281909406)
(18.6 1.798903489 0.06281909406)
(18.8 1.798903489 0.06281909406)
(19 1.798903489 0.06281909406)
(19.2 1.798903489 0.06281909406)
(19.4 1.798903489 0.06281909406)
(19.6 1.798903489 0.06281909406)
(19.8 1.798903489 0.06281909406)
(20 1.798903489 0.06281909406)
(20.2 1.798903489 0.06281909406)
(20.4 1.798903489 0.06281909406)
(20.6 1.798903489 0.06281909406)
(20.8 1.798903489 0.06281909406)
(21 1.798903489 0.06281909406)
(21.2 1.798903489 0.06281909406)
(21.4 1.798903489 0.06281909406)
(21.6 1.798903489 0.06281909406)
(21.8 1.798903489 0.06281909406)
(22 1.798903489 0.06281909406)
(22.2 1.798903489 0.06281909406)
(22.4 1.798903489 0.06281909406)
(22.6 1.798903489 0.06281909406)
(22.8 1.798903489 0.06281909406)
(23 1.798903489 0.06281909406)
(23.2 1.798903489 0.06281909406)
(23.4 1.798903489 0.06281909406)
(23.6 1.798903489 0.06281909406)
(23.8 1.798903489 0.06281909406)
(24 1.798903489 0.06281909406)
(24.2 1.798903489 0.06281909406)
(24.4 1.798903489 0.06281909406)
(24.6 1.798903489 0.06281909406)
(24.8 1.798903489 0.06281909406)
(25 1.798903489 0.06281909406)
(25.2 1.798903489 0.06281909406)
(25.4 1.798903489 0.06281909406)
(25.6 1.798903489 0.06281909406)
(25.8 1.798903489 0.06281909406)
(26 1.798903489 0.06281909406)
(26.2 1.798903489 0.06281909406)
(26.4 1.798903489 0.06281909406)
(26.6 1.798903489 0.06281909406)
(26.8 1.798903489 0.06281909406)
(27 1.798903489 0.06281909406)
(15 1.998781654 0.06979899341)
(15.2 1.998781654 0.06979899341)
(15.4 1.998781654 0.06979899341)
(15.6 1.998781654 0.06979899341)
(15.8 1.998781654 0.06979899341)
(16 1.998781654 0.06979899341)
(16.2 1.998781654 0.06979899341)
(16.4 1.998781654 0.06979899341)
(16.6 1.998781654 0.06979899341)
(16.8 1.998781654 0.06979899341)
(17 1.998781654 0.06979899341)
(17.2 1.998781654 0.06979899341)
(17.4 1.998781654 0.06979899341)
(17.6 1.998781654 0.06979899341)
(17.8 1.998781654 0.06979899341)
(18 1.998781654 0.06979899341)
(18.2 1.998781654 0.06979899341)
(18.4 1.998781654 0.06979899341)
(18.6 1.998781654 0.06979899341)
(18.8 1.998781654 0.06979899341)
(19 1.998781654 0.06979899341)
(19.2 1.998781654 0.06979899341)
(19.4 1.998781654 0.06979899341)
(19.6 1.998781654 0.06979899341)
(19.8 1.998781654 0.06979899341)
(20 1.998781654 0.06979899341)
(20.2 1.998781654 0.06979899341)
(20.4 1.998781654 0.06979899341)
(20.6 1.998781654 0.06979899341)
(20.8 1.998781654 0.06979899341)
(21 1.998781654 0.06979899341)
(21.2 1.998781654 0.06979899341)
(21.4 1.998781654 0.06979899341)
(21.6 1.998781654 0.06979899341)
(21.8 1.998781654 0.06979899341)
(22 1.998781654 0.06979899341)
(22.2 1.998781654 0.06979899341)
(22.4 1.998781654 0.06979899341)
(22.6 1.998781654 0.06979899341)
(22.8 1.998781654 0.06979899341)
(23 1.998781654 0.06979899341)
(23.2 1.998781654 0.06979899341)
(23.4 1.998781654 0.06979899341)
(23.6 1.998781654 0.06979899341)
(23.8 1.998781654 0.06979899341)
(24 1.998781654 0.06979899341)
(24.2 1.998781654 0.06979899341)
(24.4 1.998781654 0.06979899341)
(24.6 1.998781654 0.06979899341)
(24.8 1.998781654 0.06979899341)
(25 1.998781654 0.06979899341)
(25.2 1.998781654 0.06979899341)
(25.4 1.998781654 0.06979899341)
(25.6 1.998781654 0.06979899341)
(25.8 1.998781654 0.06979899341)
(26 1.998781654 0.06979899341)
(26.2 1.998781654 0.06979899341)
(26.4 1.998781654 0.06979899341)
(26.6 1.998781654 0.06979899341)
(26.8 1.998781654 0.06979899341)
(27 1.998781654 0.06979899341)
)


// ************************************************************************* //
